IdProd	IdEleve	IdClasse	Niv	LongProd	IdTokNorm	Lemme	Catégorie	SegNorm	SegTrans	IdTokTrans	IdSegTrans	StatutErreur	StatutSegm	Genre	Nombre	Infover
1850_CM1	1850		CM1	106	17	meilleur	ADJ	meilleurs	meilleur	17	1	02-Phono	01-Normé	m	p	_
1850_CM1	1850		CM1	106	46	maléfique	ADJ	maléfique	maléfique	46	1	01-Normé	01-Normé	_	s	_
1850_CM1	1850		CM1	106	63	pire	ADJ	pires	pirs	63	1	02-Phono	01-Normé	_	p	_
1850_CM1	1850		CM1	106	87	seul	ADJ	seul	seul	87	1	01-Normé	01-Normé	m	s	_
1850_CM1	1850		CM1	106	94	noir	ADJ	noire	noir	94	1	02-Phono	01-Normé	f	s	_
1850_CM1	1850		CM1	106	102	ami	ADJ	amis	amies	102	1	02-Phono	01-Normé	m	p	_
831_CM1	831		CM1	362	28	jeune	ADJ	jeune	jeune	28	1	01-Normé	01-Normé	_	s	_
831_CM1	831		CM1	362	39	quelconque	ADJ	quelconque	quelquonque	39	1	02-Phono	01-Normé	_	s	_
831_CM1	831		CM1	362	57	vieux	ADJ	vieux	vieux	57	1	01-Normé	01-Normé	m	_	_
831_CM1	831		CM1	362	80	désagréable	ADJ	désagréable	désagréable	80	1	01-Normé	01-Normé	_	s	_
831_CM1	831		CM1	362	104	lourd	ADJ	lourdes	lourdes	104	1	01-Normé	01-Normé	f	p	_
831_CM1	831		CM1	362	115	énorme	ADJ	énorme	énorme	115	1	01-Normé	01-Normé	_	s	_
831_CM1	831		CM1	362	131	gros	ADJ	grosse	grosse	131	1	01-Normé	01-Normé	f	s	_
831_CM1	831		CM1	362	144	bon	ADJ	bon	bon	144	1	01-Normé	01-Normé	m	s	_
831_CM1	831		CM1	362	182	grand	ADJ	grande	grande	182	1	01-Normé	01-Normé	f	s	_
831_CM1	831		CM1	362	269	félin	ADJ	félin	félin	269	1	01-Normé	01-Normé	m	s	_
831_CM1	831		CM1	362	322	fort	ADJ	fort	fort	322	1	01-Normé	01-Normé	m	s	_
831_CM1	831		CM1	362	326	rusé	ADJ	rusé	rusé	326	1	01-Normé	01-Normé	m	s	_
831_CM1	831		CM1	362	328	souple	ADJ	souple	souple	328	1	01-Normé	01-Normé	_	s	_
831_CM1	831		CM1	362	341	mauvais	ADJ	mauvaise	mauvaise	341	1	01-Normé	01-Normé	f	s	_
2446_CM1	2446		CM1	253	14	ami	ADJ	amis	ami	14	1	02-Phono	01-Normé	m	p	_
2446_CM1	2446		CM1	253	127	sale	ADJ	sale	sale	123	1	01-Normé	01-Normé	_	s	_
2446_CM1	2446		CM1	253	249	juste	ADJ	juste	juste	244	1	01-Normé	01-Normé	_	s	_
936_CM1	936		CM1	35	7	petit	ADJ	petit	petit	6	1	01-Normé	01-Normé	m	s	_
936_CM1	936		CM1	35	16	grave	ADJ	grave	grave	15	1	01-Normé	01-Normé	_	s	_
815_CM1	815		CM1	82	48	magique	ADJ	magique	magique	48	1	01-Normé	01-Normé	_	s	_
815_CM1	815		CM1	82	66	pouf	ADJ	pouf	pouf	66	1	01-Normé	01-Normé	m	s	_
815_CM1	815		CM1	82	69	normal	ADJ	normal	normale	69	1	02-Phono	01-Normé	m	s	_
1143_CM1	1143		CM1	90	17	seul	ADJ	seul	seul	17	1	01-Normé	01-Normé	m	s	_
1143_CM1	1143		CM1	90	38	jeune	ADJ	jeune	jeune	38	1	01-Normé	01-Normé	_	s	_
1143_CM1	1143		CM1	90	42	rouge	ADJ	rouge	rouge	42	1	01-Normé	01-Normé	_	s	_
1143_CM1	1143		CM1	90	52	petit	ADJ	petit	petit	55	1	01-Normé	01-Normé	m	s	_
1143_CM1	1143		CM1	90	54	rouge	ADJ	rouge	rouge	57	1	01-Normé	01-Normé	_	s	_
1143_CM1	1143		CM1	90	61	gentil	ADJ	gentille	gentille	64	1	01-Normé	01-Normé	f	s	_
1143_CM1	1143		CM1	90	70	beau	ADJ	belle	belle	74	1	01-Normé	01-Normé	f	s	_
1143_CM1	1143		CM1	90	79	beau	ADJ	belle	belle	83	1	01-Normé	01-Normé	f	s	_
1143_CM1	1143		CM1	90	82	<unknown>	ADJ	M	M	86	1	01-Normé	01-Normé	m	p	_
2973_CM1	2973		CM1	177	32	bizarre	ADJ	bizarre	bizare	32	1	02-Phono	01-Normé	_	s	_
2973_CM1	2973		CM1	177	38	humain	ADJ	humain	humain	38	1	01-Normé	01-Normé	m	s	_
2973_CM1	2973		CM1	177	42	bleu	ADJ	bleu	bleu	42	1	01-Normé	01-Normé	m	s	_
2973_CM1	2973		CM1	177	46	orange	ADJ	orange	orange	46	1	01-Normé	01-Normé	_	s	_
2973_CM1	2973		CM1	177	101	allergique	ADJ	allergique	alèrgique	101	1	02-Phono	01-Normé	_	s	_
584_CM1	584		CM1	78	12	appelé	ADJ	appelée	appelé	12	1	02-Phono	01-Normé	f	s	par:pas;
584_CM1	584		CM1	78	25	bête	ADJ	bête	bête	25	1	01-Normé	01-Normé	_	s	_
584_CM1	584		CM1	78	48	<unknown>	ADJ	Veux	Veux	47	1	01-Normé	01-Normé	_	_	_
584_CM1	584		CM1	78	61	gaga	ADJ	gaga	gaga	60	1	01-Normé	01-Normé	_	s	_
584_CM1	584		CM1	78	65	déçu	ADJ	déçu	déssus	64	1	02-Phono	01-Normé	m	s	_
584_CM1	584		CM1	78	70	heureux	ADJ	heureuse	heurheuse	69	1	02-Phono	01-Normé	f	s	_
821_CM1	821		CM1	147	19	gros	ADJ	gros	gros	19	1	01-Normé	01-Normé	m	_	_
821_CM1	821		CM1	147	109	intelligent	ADJ	intelligent	intéligent	106	1	03-Archi	01-Normé	m	s	_
1226_CM1	1226		CM1	166	8	petit	ADJ	petit	petit	8	1	01-Normé	01-Normé	m	s	_
1226_CM1	1226		CM1	166	42	mauvais	ADJ	mauvais	mauvais	42	1	01-Normé	01-Normé	m	_	_
1226_CM1	1226		CM1	166	80	beau	ADJ	beau	beaux	81	1	02-Phono	01-Normé	m	s	_
1991_CM1	1991		CM1	138	18	méchant	ADJ	méchant	méchant	18	1	01-Normé	01-Normé	m	s	_
1991_CM1	1991		CM1	138	24	autre	ADJ	autre	autre	24	1	01-Normé	01-Normé	_	s	_
1991_CM1	1991		CM1	138	47	gentil	ADJ	gentil	gentil	47	1	01-Normé	01-Normé	m	s	_
1991_CM1	1991		CM1	138	117	grand	ADJ	grand	grand	116	1	01-Normé	01-Normé	m	s	_
1991_CM1	1991		CM1	138	122	grand	ADJ	grande	grandes	121	1	02-Phono	01-Normé	f	s	_
1985_CM1	1985		CM1	197	8	gentil	ADJ	gentil	gentil	8	1	01-Normé	01-Normé	m	s	_
1985_CM1	1985		CM1	197	34	timide	ADJ	timide	dimide	34	1	04-ApproxGraphique	01-Normé	_	s	_
1985_CM1	1985		CM1	197	54	cher	ADJ	chère	chère	54	1	01-Normé	01-Normé	f	s	_
1985_CM1	1985		CM1	197	55	ami	ADJ	amie	amie	55	1	01-Normé	01-Normé	f	s	_
1985_CM1	1985		CM1	197	70	courageux	ADJ	courageux	courageu	70	1	02-Phono	01-Normé	m	_	_
1985_CM1	1985		CM1	197	81	courageux	ADJ	courageux	courageu	81	1	02-Phono	01-Normé	m	_	_
1985_CM1	1985		CM1	197	91	timide	ADJ	timide	timide	91	1	01-Normé	01-Normé	_	s	_
1985_CM1	1985		CM1	197	96	timide	ADJ	timide	dimid	96	1	04-ApproxGraphique	01-Normé	_	s	_
1985_CM1	1985		CM1	197	125	timide	ADJ	timide	timide	126	1	01-Normé	01-Normé	_	s	_
1985_CM1	1985		CM1	197	164	<unknown>	ADJ	C'	c'	166	1	01-Normé	01-Normé	_	_	_
1985_CM1	1985		CM1	197	188	même	ADJ	même	même	189	1	01-Normé	01-Normé	_	s	_
2937_CM1	2937		CM1	101	7	mignon	ADJ	mignon	mignon	7	1	01-Normé	01-Normé	m	s	_
2937_CM1	2937		CM1	101	18	VRAI	ADJ	VRAI	VRAI	18	1	01-Normé	01-Normé	m	s	_
2937_CM1	2937		CM1	101	32	autre	ADJ	autre	autre	32	1	01-Normé	01-Normé	_	s	_
2937_CM1	2937		CM1	101	36	appelé	ADJ	appelée	appellé	36	1	04-ApproxGraphique	01-Normé	f	s	par:pas;
2937_CM1	2937		CM1	101	40	méchant	ADJ	méchante	méchante	40	1	01-Normé	01-Normé	f	s	_
2937_CM1	2937		CM1	101	50	réel	ADJ	réel	réel	50	1	01-Normé	01-Normé	m	s	_
2937_CM1	2937		CM1	101	90	mignon	ADJ	Mignon	Mignon	90	1	01-Normé	01-Normé	m	s	_
1563_CM1	1563		CM1	126	7	beau	ADJ	belle	belle	7	1	01-Normé	01-Normé	f	s	_
1563_CM1	1563		CM1	126	8	jeune	ADJ	jeune	jeune	8	1	01-Normé	01-Normé	_	s	_
1563_CM1	1563		CM1	126	14	petit	ADJ	petit	petit	14	1	01-Normé	01-Normé	m	s	_
1563_CM1	1563		CM1	126	39	jeune	ADJ	jeune	jeune	39	1	01-Normé	01-Normé	_	s	_
1563_CM1	1563		CM1	126	50	arrivé	ADJ	arrivée	arriver	50	1	02-Phono	01-Normé	f	s	_
1563_CM1	1563		CM1	126	78	gros	ADJ	grosses	grosse	78	1	03-Archi	01-Normé	f	p	_
1563_CM1	1563		CM1	126	120	petit	ADJ	petit	petit	120	1	01-Normé	01-Normé	m	s	_
1925_CM1	1925		CM1	213	12	petit	ADJ	petite	petite	12	1	01-Normé	01-Normé	f	s	_
1925_CM1	1925		CM1	213	15	mignon	ADJ	mignonne	mignone	15	1	02-Phono	01-Normé	f	s	_
1925_CM1	1925		CM1	213	19	petit	ADJ	petits	petits	19	1	01-Normé	01-Normé	m	p	_
1925_CM1	1925		CM1	213	35	petit	ADJ	petite	petite	35	1	01-Normé	01-Normé	f	s	_
1925_CM1	1925		CM1	213	40	fort	ADJ	forte	forte	40	1	01-Normé	01-Normé	f	s	_
1925_CM1	1925		CM1	213	54	grillé	ADJ	grillés	grillés	54	1	01-Normé	01-Normé	m	p	_
1925_CM1	1925		CM1	213	66	ouvert	ADJ	ouverte	ouverte	66	1	01-Normé	01-Normé	f	s	_
1925_CM1	1925		CM1	213	77	bref	ADJ	bref	bref	77	1	01-Normé	01-Normé	m	s	_
1925_CM1	1925		CM1	213	84	grillé	ADJ	grillés	grillés	84	1	01-Normé	01-Normé	m	p	_
1925_CM1	1925		CM1	213	92	grillé	ADJ	grillés	grillés	92	1	01-Normé	01-Normé	m	p	_
1925_CM1	1925		CM1	213	103	petit	ADJ	petite	petites	103	1	02-Phono	01-Normé	f	s	_
1925_CM1	1925		CM1	213	141	grillé	ADJ	grillés	grillés	141	1	01-Normé	01-Normé	m	p	_
1925_CM1	1925		CM1	213	193	grillé	ADJ	grillés	grillés	193	1	01-Normé	01-Normé	m	p	_
2442_CM1	2442		CM1	215	20	ami	ADJ	amis	ami	20	1	02-Phono	01-Normé	m	p	_
2442_CM1	2442		CM1	215	63	lourd	ADJ	lourd	lour	63	1	02-Phono	01-Normé	m	s	_
2442_CM1	2442		CM1	215	209	meilleur	ADJ	meilleurs	meilleur	210	1	02-Phono	01-Normé	m	p	_
1113_CM1	1113		CM1	190	41	petit	ADJ	petit	petit	41	1	01-Normé	01-Normé	m	s	_
1113_CM1	1113		CM1	190	94	bête	ADJ	bête	bête	94	1	01-Normé	01-Normé	_	s	_
1113_CM1	1113		CM1	190	111	<unknown>	ADJ	Oui	oui	111	1	01-Normé	01-Normé	_	_	_
1113_CM1	1113		CM1	190	120	sûr	ADJ	sûr	sur	120	1	02-Phono	01-Normé	m	s	_
1113_CM1	1113		CM1	190	133	petit	ADJ	petit	petit	133	1	01-Normé	01-Normé	m	s	_
1190_CM1	1190		CM1	216	27	ami	ADJ	amis	amies	27	1	02-Phono	01-Normé	m	p	_
1190_CM1	1190		CM1	216	59	dernier	ADJ	dernier	dèrnier	61	1	02-Phono	01-Normé	m	s	_
1190_CM1	1190		CM1	216	68	favori	ADJ	favorite	favorite	70	1	01-Normé	01-Normé	f	s	_
1190_CM1	1190		CM1	216	77	bon	ADJ	bon	bon	79	1	01-Normé	01-Normé	m	s	_
1190_CM1	1190		CM1	216	88	autre	ADJ	autre	lautre	89	1	04-ApproxGraphique	01-Normé	_	s	_
1190_CM1	1190		CM1	216	112	épouvantable	ADJ	épouvantable	épouventable	113	1	02-Phono	01-Normé	_	s	_
1190_CM1	1190		CM1	216	129	petit	ADJ	petites	petit	130	1	04-ApproxGraphique	01-Normé	f	p	_
1190_CM1	1190		CM1	216	133	petit	ADJ	petits	petit	134	1	02-Phono	01-Normé	m	p	_
1190_CM1	1190		CM1	216	191	ami	ADJ	amis	amie	192	1	02-Phono	01-Normé	m	p	_
3027_CM1	3027		CM1	248	24	normal	ADJ	normal	normal	24	1	01-Normé	01-Normé	m	s	_
3027_CM1	3027		CM1	248	41	normal	ADJ	normal	normal	40	1	01-Normé	01-Normé	m	s	_
3027_CM1	3027		CM1	248	121	<unknown>	ADJ	Du	Du	119	1	01-Normé	01-Normé	_	_	_
1317_CM1	1317		CM1	232	5	sympa	ADJ	sympa	sympa	5	1	01-Normé	01-Normé	_	s	_
1317_CM1	1317		CM1	232	7	<unknown>	ADJ	C'	C'	7	1	01-Normé	01-Normé	_	_	_
1317_CM1	1317		CM1	232	33	petit	ADJ	petit	petit	33	1	01-Normé	01-Normé	m	s	_
1317_CM1	1317		CM1	232	49	petit	ADJ	petit	petit	49	1	01-Normé	01-Normé	m	s	_
1317_CM1	1317		CM1	232	96	petit	ADJ	petite	petite	96	1	01-Normé	01-Normé	f	s	_
1317_CM1	1317		CM1	232	120	plein	ADJ	plein	plein	121	1	01-Normé	01-Normé	m	s	_
1317_CM1	1317		CM1	232	128	petit	ADJ	petit	petit	129	1	01-Normé	01-Normé	m	s	_
1317_CM1	1317		CM1	232	162	autre	ADJ	autre	autre	163	1	01-Normé	01-Normé	_	s	_
103_CM1	103		CM1	273	29	copain	ADJ	copain	copain	29	1	01-Normé	01-Normé	m	s	_
103_CM1	103		CM1	273	80	petit	ADJ	petit	petit	80	1	01-Normé	01-Normé	m	s	_
103_CM1	103		CM1	273	87	plein	ADJ	plein	plein	87	1	01-Normé	01-Normé	m	s	_
103_CM1	103		CM1	273	205	autre	ADJ	autre	autre	205	1	01-Normé	01-Normé	_	s	_
103_CM1	103		CM1	273	248	seul	ADJ	seul	seule	248	1	02-Phono	01-Normé	m	s	_
103_CM1	103		CM1	273	258	seul	ADJ	seul	seule	258	1	02-Phono	01-Normé	m	s	_
103_CM1	103		CM1	273	269	<unknown>	ADJ	he	he	269	1	01-Normé	01-Normé	_	_	_
2032_CM1	2032		CM1	138	31	voisin	ADJ	voisin	voisin	31	1	01-Normé	01-Normé	m	s	_
2032_CM1	2032		CM1	138	75	<unknown>	ADJ	4eme	4eme	75	1	01-Normé	01-Normé	_	_	_
2032_CM1	2032		CM1	138	80	autre	ADJ	autres	autres	80	1	01-Normé	01-Normé	_	p	_
1851_CM1	1851		CM1	162	26	malin	ADJ	maligne	maline	26	1	04-ApproxGraphique	01-Normé	f	s	_
1851_CM1	1851		CM1	162	35	malin	ADJ	malin	malin	35	1	01-Normé	01-Normé	m	s	_
1851_CM1	1851		CM1	162	80	gros	ADJ	grosse	grosse	80	1	01-Normé	01-Normé	f	s	_
1851_CM1	1851		CM1	162	90	long	ADJ	long	long	90	1	01-Normé	01-Normé	m	s	_
1851_CM1	1851		CM1	162	109	maladroit	ADJ	maladroit	maladroit	109	1	01-Normé	01-Normé	m	s	_
1851_CM1	1851		CM1	162	137	petit	ADJ	petite	petite	137	1	01-Normé	01-Normé	f	s	_
1826_CM1	1826		CM1	215	44	vieux	ADJ	vieux	vieux	44	1	01-Normé	01-Normé	m	_	_
1826_CM1	1826		CM1	215	49	jeune	ADJ	jeune	jeune	49	1	01-Normé	01-Normé	_	s	_
1826_CM1	1826		CM1	215	53	petit	ADJ	petit	petit	53	1	01-Normé	01-Normé	m	s	_
1826_CM1	1826		CM1	215	57	grand	ADJ	grand	grand	57	1	01-Normé	01-Normé	m	s	_
1826_CM1	1826		CM1	215	60	blanc	ADJ	blanc	blanc	60	1	01-Normé	01-Normé	m	s	_
1826_CM1	1826		CM1	215	206	noir	ADJ	Noir	Noir	206	1	01-Normé	01-Normé	m	s	_
2445_CM1	2445		CM1	184	21	maléfique	ADJ	maléfique	maléfique	21	1	01-Normé	01-Normé	_	s	_
2445_CM1	2445		CM1	184	87	nul	ADJ	nulle	nul	87	1	02-Phono	01-Normé	f	s	_
2445_CM1	2445		CM1	184	114	triste	ADJ	triste	triste	114	1	01-Normé	01-Normé	_	s	_
2445_CM1	2445		CM1	184	147	grave	ADJ	grave	grave	145	1	01-Normé	01-Normé	_	s	_
2445_CM1	2445		CM1	184	178	meilleur	ADJ	meilleurs	meilleurs	176	1	01-Normé	01-Normé	m	p	_
2905_CM1	2905		CM1	141	11	seul	ADJ	seule	seule	11	1	01-Normé	01-Normé	f	s	_
2905_CM1	2905		CM1	141	87	noir	ADJ	noir	noir	87	1	01-Normé	01-Normé	m	s	_
2905_CM1	2905		CM1	141	137	noir	ADJ	noir	noir	137	1	01-Normé	01-Normé	m	s	_
2948_CM1	2948		CM1	220	18	incroyable	ADJ	incroyables	incroiyables	18	1	02-Phono	01-Normé	_	p	_
2948_CM1	2948		CM1	220	21	meilleur	ADJ	meilleur	meilleur	21	1	01-Normé	01-Normé	m	s	_
2948_CM1	2948		CM1	220	54	célèbre	ADJ	célèbre	sélébre	54	1	03-Archi	01-Normé	_	s	_
2948_CM1	2948		CM1	220	115	célèbre	ADJ	célèbre	sélébre	112	1	03-Archi	01-Normé	_	s	_
2948_CM1	2948		CM1	220	117	riche	ADJ	riche	riche	114	1	01-Normé	01-Normé	_	s	_
2948_CM1	2948		CM1	220	121	juste	ADJ	Juste	Juste	118	1	01-Normé	01-Normé	_	s	_
2948_CM1	2948		CM1	220	136	méchant	ADJ	méchante	méchente	133	1	02-Phono	01-Normé	f	s	_
2948_CM1	2948		CM1	220	183	méchant	ADJ	méchante	méchante	177	1	01-Normé	01-Normé	f	s	_
1351_CM1	1351		CM1	137	10	gentil	ADJ	gentil	genti	10	1	02-Phono	01-Normé	m	s	_
1351_CM1	1351		CM1	137	11	petit	ADJ	petit	petit	11	1	01-Normé	01-Normé	m	s	_
1351_CM1	1351		CM1	137	75	<unknown>	ADJ	²		75	1	08-Non pertinent	06-Omis	_	_	_
1351_CM1	1351		CM1	137	76	<unknown>	ADJ	tu	tu	76	1	01-Normé	01-Normé	m	s	_
1351_CM1	1351		CM1	137	81	dernier	ADJ	dernière	dernière	81	1	01-Normé	01-Normé	f	s	_
1351_CM1	1351		CM1	137	112	adorable	ADJ	adorables	adorable	112	1	04-ApproxGraphique	01-Normé	_	p	_
1351_CM1	1351		CM1	137	114	VRAI	ADJ	vrais	VRAI	114	1	02-Phono	01-Normé	m	p	_
1627_CM1	1627		CM1	175	17	malheureux	ADJ	malheureuse	malheureuse	17	1	01-Normé	01-Normé	f	s	_
1627_CM1	1627		CM1	175	20	seul	ADJ	seule	seule	20	1	01-Normé	01-Normé	f	s	_
1627_CM1	1627		CM1	175	30	maléfique	ADJ	maléfiques	maléfiques	30	1	01-Normé	01-Normé	_	p	_
1627_CM1	1627		CM1	175	46	magique	ADJ	magique	magique	46	1	01-Normé	01-Normé	_	s	_
1627_CM1	1627		CM1	175	77	noir	ADJ	noir	noir	77	1	01-Normé	01-Normé	m	s	_
1627_CM1	1627		CM1	175	81	mignon	ADJ	mignon	mignon	81	1	01-Normé	01-Normé	m	s	_
1627_CM1	1627		CM1	175	85	maléfique	ADJ	maléfique	maléfique	85	1	01-Normé	01-Normé	_	s	_
1627_CM1	1627		CM1	175	129	maléfique	ADJ	maléfique	maléfique	129	1	01-Normé	01-Normé	_	s	_
1627_CM1	1627		CM1	175	158	heureux	ADJ	heureux	heureux	158	1	01-Normé	01-Normé	m	_	_
1627_CM1	1627		CM1	175	166	heureux	ADJ	heureux	heureux	166	1	01-Normé	01-Normé	m	_	_
849_CM1	849		CM1	250	5	hanté	ADJ	hanté	Hanter	5	1	06-ApproxArchi	01-Normé	m	s	_
849_CM1	849		CM1	250	55	humain	ADJ	humain	humain	54	1	01-Normé	01-Normé	m	s	_
849_CM1	849		CM1	250	127	autre	ADJ	autre	lotre	125	2	03-Archi	03-HypoSeg	_	s	_
849_CM1	849		CM1	250	161	cave	ADJ	cave	cave	160	1	01-Normé	01-Normé	_	s	_
855_CM1	855		CM1	311	31	sauvage	ADJ	sauvage	sauvage	31	1	01-Normé	01-Normé	_	s	_
855_CM1	855		CM1	311	57	sauvage	ADJ	sauvage	sauvage	57	1	01-Normé	01-Normé	_	s	_
855_CM1	855		CM1	311	78	beau	ADJ	beau	beau	78	1	01-Normé	01-Normé	m	s	_
855_CM1	855		CM1	311	100	sauvage	ADJ	sauvage	sauvage	100	1	01-Normé	01-Normé	_	s	_
855_CM1	855		CM1	311	169	furieux	ADJ	furieux	furieux	169	1	01-Normé	01-Normé	m	_	_
855_CM1	855		CM1	311	302	super	ADJ	super	super	302	1	01-Normé	01-Normé	_	s	_
1191_CM1	1191		CM1	206	56	<unknown>	ADJ	Bah	Bah	56	1	01-Normé	01-Normé	_	_	_
1191_CM1	1191		CM1	206	57	<unknown>	ADJ	…	…	57	1	01-Normé	01-Normé	_	_	_
1191_CM1	1191		CM1	206	60	<unknown>	ADJ	Rien	Rien	60	1	01-Normé	01-Normé	m	s	_
1191_CM1	1191		CM1	206	87	juste	ADJ	juste	juste	87	1	01-Normé	01-Normé	_	s	_
1191_CM1	1191		CM1	206	128	VRAI	ADJ	VRAI	VRAI	128	1	01-Normé	01-Normé	m	s	_
1191_CM1	1191		CM1	206	164	bon	ADJ	Bon	Bon	164	1	01-Normé	01-Normé	m	s	_
1191_CM1	1191		CM1	206	193	meilleur	ADJ	meilleurs	meilleurs	193	1	01-Normé	01-Normé	m	p	_
1191_CM1	1191		CM1	206	205	autre	ADJ	autres	autres	205	1	01-Normé	01-Normé	_	p	_
3026_CM1	3026		CM1	125	17	furieux	ADJ	furieuse	furieuse	17	1	01-Normé	01-Normé	f	s	_
3026_CM1	3026		CM1	125	31	important	ADJ	importantes	importantes	31	1	01-Normé	01-Normé	f	p	_
3026_CM1	3026		CM1	125	53	autre	ADJ	autres	autre	53	1	02-Phono	01-Normé	_	p	_
2986_CM1	2986		CM1	209	4	meilleur	ADJ	meilleurs	méilleurs	4	1	04-ApproxGraphique	01-Normé	m	p	_
2986_CM1	2986		CM1	209	34	meilleur	ADJ	meilleurs	méilleur	33	1	04-ApproxGraphique	01-Normé	m	p	_
2986_CM1	2986		CM1	209	175	nouveau	ADJ	nouvelle	nouvéle	168	1	03-Archi	01-Normé	f	s	_
2986_CM1	2986		CM1	209	189	autre	ADJ	autre	autre	179	1	01-Normé	01-Normé	_	s	_
2986_CM1	2986		CM1	209	200	super	ADJ	super	supére	190	1	03-Archi	01-Normé	_	s	_
2711_CM1	2711		CM1	171	72	petit	ADJ	petit	petit	72	1	01-Normé	01-Normé	m	s	_
2711_CM1	2711		CM1	171	110	fort	ADJ	forte	forte	110	1	01-Normé	01-Normé	f	s	_
2711_CM1	2711		CM1	171	131	ami	ADJ	amis	ami	131	1	02-Phono	01-Normé	m	p	_
2711_CM1	2711		CM1	171	158	autre	ADJ	autre	autre	158	1	01-Normé	01-Normé	_	s	_
1834_CM1	1834		CM1	225	41	content	ADJ	contente	contente	40	1	01-Normé	01-Normé	f	s	_
1834_CM1	1834		CM1	225	71	triste	ADJ	triste	triste	70	1	01-Normé	01-Normé	_	s	_
1834_CM1	1834		CM1	225	149	bée	ADJ	bée	bé	148	1	02-Phono	01-Normé	f	s	_
1834_CM1	1834		CM1	225	174	gros	ADJ	grosses	grosse	173	1	03-Archi	01-Normé	f	p	_
1834_CM1	1834		CM1	225	193	même	ADJ	même	même	192	1	01-Normé	01-Normé	_	s	_
1834_CM1	1834		CM1	225	198	gros	ADJ	grosses	grosse	197	1	03-Archi	01-Normé	f	p	_
1834_CM1	1834		CM1	225	216	heureux	ADJ	heureux	heureux	215	1	01-Normé	01-Normé	m	_	_
2449_CM1	2449		CM1	300	35	pire	ADJ	pire	pire	35	1	01-Normé	01-Normé	_	s	_
2449_CM1	2449		CM1	300	45	triste	ADJ	triste	tiste	45	1	04-ApproxGraphique	01-Normé	_	s	_
2449_CM1	2449		CM1	300	73	nouveau	ADJ	nouvel	nouveau	74	1	04-ApproxGraphique	01-Normé	m	s	_
2449_CM1	2449		CM1	300	186	nul	ADJ	nul	nul	187	1	01-Normé	01-Normé	m	s	_
2449_CM1	2449		CM1	300	215	grand	ADJ	grand	grand	215	1	01-Normé	01-Normé	m	s	_
2449_CM1	2449		CM1	300	268	ami	ADJ	amis	ami	269	1	04-ApproxGraphique	01-Normé	m	p	_
2449_CM1	2449		CM1	300	286	ami	ADJ	amis	ami	288	1	04-ApproxGraphique	01-Normé	m	p	_
1998_CM1	1998		CM1	281	30	mal	ADJ	mal	mal	30	1	01-Normé	01-Normé	m	s	_
1998_CM1	1998		CM1	281	48	petit	ADJ	petit	petit	48	1	01-Normé	01-Normé	m	s	_
1998_CM1	1998		CM1	281	50	rouge	ADJ	rouge	rouge	50	1	01-Normé	01-Normé	_	s	_
1998_CM1	1998		CM1	281	61	super	ADJ	super	supers	61	1	04-ApproxGraphique	01-Normé	_	s	_
1998_CM1	1998		CM1	281	74	super	ADJ	super	supers	74	1	04-ApproxGraphique	01-Normé	_	s	_
1998_CM1	1998		CM1	281	99	bon	ADJ	bon	bon	99	1	01-Normé	01-Normé	m	s	_
1998_CM1	1998		CM1	281	110	super	ADJ	super	supers	110	1	04-ApproxGraphique	01-Normé	_	s	_
1998_CM1	1998		CM1	281	185	plein	ADJ	plein	plein	185	1	01-Normé	01-Normé	m	s	_
1998_CM1	1998		CM1	281	187	autre	ADJ	autres	autres	187	1	01-Normé	01-Normé	_	p	_
1998_CM1	1998		CM1	281	192	entier	ADJ	entier	entier	192	1	01-Normé	01-Normé	m	s	_
1998_CM1	1998		CM1	281	244	content	ADJ	contente	contente	244	1	01-Normé	01-Normé	f	s	_
1998_CM1	1998		CM1	281	274	super	ADJ	super	supers	274	1	04-ApproxGraphique	01-Normé	_	s	_
2539_CM1	2539		CM1	392	16	meilleur	ADJ	meilleur	meilleur	16	1	01-Normé	01-Normé	m	s	_
2539_CM1	2539		CM1	392	138	seul	ADJ	seul	seul	138	1	01-Normé	01-Normé	m	s	_
2539_CM1	2539		CM1	392	157	grand	ADJ	grande	grande	157	1	01-Normé	01-Normé	f	s	_
2539_CM1	2539		CM1	392	186	mécontent	ADJ	mécontent	mécontents	186	1	04-ApproxGraphique	01-Normé	m	s	_
2539_CM1	2539		CM1	392	242	magique	ADJ	magique	magique	242	1	01-Normé	01-Normé	_	s	_
2539_CM1	2539		CM1	392	259	grave	ADJ	grave	grave	259	1	01-Normé	01-Normé	_	s	_
2539_CM1	2539		CM1	392	278	juste	ADJ	juste	juste	278	1	01-Normé	01-Normé	_	s	_
2539_CM1	2539		CM1	392	294	magique	ADJ	magique	magique	294	1	01-Normé	01-Normé	_	s	_
2539_CM1	2539		CM1	392	328	juste	ADJ	juste	juste	328	1	01-Normé	01-Normé	_	s	_
2539_CM1	2539		CM1	392	333	bon	ADJ	bon	bon	333	1	01-Normé	01-Normé	m	s	_
2539_CM1	2539		CM1	392	345	magique	ADJ	magique	magique	345	1	01-Normé	01-Normé	_	s	_
2539_CM1	2539		CM1	392	370	content	ADJ	content	content	370	1	01-Normé	01-Normé	m	s	_
2539_CM1	2539		CM1	392	388	heureux	ADJ	heureux	heureus	388	1	02-Phono	01-Normé	m	_	_
2539_CM1	2539		CM1	392	393	immortel	ADJ	immortel	immortel	393	1	01-Normé	01-Normé	m	s	_
1364_CM1	1364		CM1	246	8	gentil	ADJ	gentille	gentille	8	1	01-Normé	01-Normé	f	s	_
1364_CM1	1364		CM1	246	109	coquin	ADJ	coquin	coquin	109	1	01-Normé	01-Normé	m	s	_
1364_CM1	1364		CM1	246	165	gentil	ADJ	gentil	gentil	165	1	01-Normé	01-Normé	m	s	_
1364_CM1	1364		CM1	246	211	ordinaire	ADJ	ordinaire	ordinère	211	1	02-Phono	01-Normé	_	s	_
1364_CM1	1364		CM1	246	217	gentil	ADJ	gentil	gentil	217	1	01-Normé	01-Normé	m	s	_
1364_CM1	1364		CM1	246	229	gentil	ADJ	gentil	gentil	229	1	01-Normé	01-Normé	m	s	_
1364_CM1	1364		CM1	246	245	heureux	ADJ	heureux	heureux	245	1	01-Normé	01-Normé	m	_	_
2893_CM1	2893		CM1	159	45	petit	ADJ	petit	petit	45	1	01-Normé	01-Normé	m	s	_
2893_CM1	2893		CM1	159	106	petit	ADJ	petit	petit	106	1	01-Normé	01-Normé	m	s	_
2893_CM1	2893		CM1	159	165	nul	ADJ	nuls	nul	164	1	02-Phono	01-Normé	m	p	_
72_CM1	72		CM1	217	34	<unknown>	ADJ	allo	allo	34	1	01-Normé	01-Normé	_	_	_
72_CM1	72		CM1	217	39	malade	ADJ	malade	malade	39	1	01-Normé	01-Normé	_	s	_
72_CM1	72		CM1	217	129	malade	ADJ	malade	malade	129	1	01-Normé	01-Normé	_	s	_
72_CM1	72		CM1	217	159	incroyable	ADJ	incroyable	incroiyable	159	1	02-Phono	01-Normé	_	s	_
72_CM1	72		CM1	217	197	petit	ADJ	petite	petite	196	1	01-Normé	01-Normé	f	s	_
1320_CM1	1320		CM1	117	8	gentil	ADJ	gentille	jentille	8	1	02-Phono	01-Normé	f	s	_
1320_CM1	1320		CM1	117	33	noir	ADJ	noir	noir	33	1	01-Normé	01-Normé	m	s	_
816_CM1	816		CM1	214	6	<unknown>	ADJ	Avant	Avant	6	1	01-Normé	01-Normé	_	_	_
816_CM1	816		CM1	214	46	furieux	ADJ	furieuse	furieuse	46	1	01-Normé	01-Normé	f	s	_
816_CM1	816		CM1	214	52	<unknown>	ADJ	14h00	14h00	52	1	01-Normé	01-Normé	_	_	_
816_CM1	816		CM1	214	58	dur	ADJ	dur	dur	58	1	01-Normé	01-Normé	m	s	_
816_CM1	816		CM1	214	109	triste	ADJ	triste	triste	109	1	01-Normé	01-Normé	_	s	_
2037_CM1	2037		CM1	63	7	petit	ADJ	petite	petite	7	1	01-Normé	01-Normé	f	s	_
1166_CM1	1166		CM1	87	15	gentil	ADJ	gentilles	gentilles	14	1	01-Normé	01-Normé	f	p	_
1166_CM1	1166		CM1	87	20	grand	ADJ	grandes	grandes	19	1	01-Normé	01-Normé	f	p	_
1166_CM1	1166		CM1	87	36	beau	ADJ	beau	beaut	35	1	02-Phono	01-Normé	m	s	_
1166_CM1	1166		CM1	87	43	vieux	ADJ	vieille	vielle	42	1	04-ApproxGraphique	01-Normé	f	s	_
1166_CM1	1166		CM1	87	50	amoureux	ADJ	amoureuse	amoureuse	49	1	01-Normé	01-Normé	f	s	_
1166_CM1	1166		CM1	87	65	amoureux	ADJ	amoureuse	amoureuse	64	1	01-Normé	01-Normé	f	s	_
1099_CM1	1099		CM1	239	89	domestique	ADJ	domestique	domestique	90	1	01-Normé	01-Normé	_	s	_
1099_CM1	1099		CM1	239	191	idéal	ADJ	idéal	idéal	192	1	01-Normé	01-Normé	m	s	_
1099_CM1	1099		CM1	239	200	beau	ADJ	beau	beau	201	1	01-Normé	01-Normé	m	s	_
1099_CM1	1099		CM1	239	202	noir	ADJ	noir	noir	203	1	01-Normé	01-Normé	m	s	_
1099_CM1	1099		CM1	239	204	noir	ADJ	noir	noir	205	1	01-Normé	01-Normé	m	s	_
1099_CM1	1099		CM1	239	218	méchant	ADJ	méchante	méchante	219	1	01-Normé	01-Normé	f	s	_
1099_CM1	1099		CM1	239	223	gentil	ADJ	gentille	gentils	224	1	04-ApproxGraphique	01-Normé	f	s	_
1099_CM1	1099		CM1	239	233	noir	ADJ	noir	noir	232	1	01-Normé	01-Normé	m	s	_
1099_CM1	1099		CM1	239	235	noir	ADJ	noir	noir	234	1	01-Normé	01-Normé	m	s	_
1127_CM1	1127		CM1	128	95	court	ADJ	court	cours	97	1	02-Phono	01-Normé	m	s	_
1224_CM1	1224		CM1	185	39	vieux	ADJ	vieille	vièlle	39	1	04-ApproxGraphique	01-Normé	f	s	_
1224_CM1	1224		CM1	185	60	autre	ADJ	autre	autre	60	1	01-Normé	01-Normé	_	s	_
1224_CM1	1224		CM1	185	124	malin	ADJ	maligne	maline	124	1	04-ApproxGraphique	01-Normé	f	s	_
1175_CM1	1175		CM1	331	24	particulier	ADJ	particulier	particulier	24	1	01-Normé	01-Normé	m	s	_
1175_CM1	1175		CM1	331	56	même	ADJ	mêmes	mêmes	56	1	01-Normé	01-Normé	_	p	_
1175_CM1	1175		CM1	331	86	super	ADJ	super	super	86	1	01-Normé	01-Normé	_	s	_
1175_CM1	1175		CM1	331	94	spatial	ADJ	spatial	spatiale	94	1	02-Phono	01-Normé	m	s	_
1175_CM1	1175		CM1	331	126	grand	ADJ	grand	grand	126	1	01-Normé	01-Normé	m	s	_
1175_CM1	1175		CM1	331	142	nouveau	ADJ	nouvelle	nouvelle	142	1	01-Normé	01-Normé	f	s	_
1175_CM1	1175		CM1	331	149	sale	ADJ	sale	salle	149	1	02-Phono	01-Normé	_	s	_
1175_CM1	1175		CM1	331	171	seul	ADJ	seule	seule	171	1	01-Normé	01-Normé	f	s	_
1175_CM1	1175		CM1	331	189	haut	ADJ	haute	haute	189	1	01-Normé	01-Normé	f	s	_
1175_CM1	1175		CM1	331	230	mauvais	ADJ	mauvaise	mauvaise	230	1	01-Normé	01-Normé	f	s	_
1175_CM1	1175		CM1	331	247	autre	ADJ	autres	autres	247	1	01-Normé	01-Normé	_	p	_
1175_CM1	1175		CM1	331	273	spatial	ADJ	spatial	spatial	273	1	01-Normé	01-Normé	m	s	_
1931_CM1	1931		CM1	155	5	malin	ADJ	malin	malin	5	1	01-Normé	01-Normé	m	s	_
1931_CM1	1931		CM1	155	27	beau	ADJ	beau	beau	27	1	01-Normé	01-Normé	m	s	_
1931_CM1	1931		CM1	155	77	petit	ADJ	petite	petite	77	1	01-Normé	01-Normé	f	s	_
1931_CM1	1931		CM1	155	128	petit	ADJ	petite	petite	128	1	01-Normé	01-Normé	f	s	_
1931_CM1	1931		CM1	155	132	autre	ADJ	autres	autres	132	1	01-Normé	01-Normé	_	p	_
1931_CM1	1931		CM1	155	147	petit	ADJ	petite	petite	147	1	01-Normé	01-Normé	f	s	_
97_CM1	97		CM1	364	19	magique	ADJ	magique	magique	19	1	01-Normé	01-Normé	_	s	_
97_CM1	97		CM1	364	57	même	ADJ	même	même	58	1	01-Normé	01-Normé	_	s	_
97_CM1	97		CM1	364	63	autre	ADJ	autre	notre	64	1	03-Archi	01-Normé	_	s	_
97_CM1	97		CM1	364	94	plein	ADJ	plein	plein	95	1	01-Normé	01-Normé	m	s	_
97_CM1	97		CM1	364	290	moche	ADJ	moche	moche	278	1	01-Normé	01-Normé	_	s	_
97_CM1	97		CM1	364	335	seul	ADJ	seule	seule	320	1	01-Normé	01-Normé	f	s	_
97_CM1	97		CM1	364	363	ami	ADJ	amie	amie	347	1	01-Normé	01-Normé	f	s	_
1346_CM1	1346		CM1	158	19	mauvais	ADJ	mauvaises	movaise	19	1	03-Archi	01-Normé	f	p	_
1346_CM1	1346		CM1	158	126	juste	ADJ	juste	juste	126	1	01-Normé	01-Normé	_	s	_
1346_CM1	1346		CM1	158	138	seul	ADJ	seule	seul	138	1	02-Phono	01-Normé	f	s	_
3070_CM1	3070		CM1	87	11	gentil	ADJ	gentille	gentille	11	1	01-Normé	01-Normé	f	s	_
3070_CM1	3070		CM1	87	18	magnifique	ADJ	magnifique	magnifique	18	1	01-Normé	01-Normé	_	s	_
3070_CM1	3070		CM1	87	23	petit	ADJ	petits	petits	23	1	01-Normé	01-Normé	m	p	_
3070_CM1	3070		CM1	87	29	petit	ADJ	petits	petits	29	1	01-Normé	01-Normé	m	p	_
3070_CM1	3070		CM1	87	37	magnifique	ADJ	magnifique	magnife	37	1	04-ApproxGraphique	01-Normé	_	s	_
3070_CM1	3070		CM1	87	61	petit	ADJ	petits	petits	61	1	01-Normé	01-Normé	m	p	_
3070_CM1	3070		CM1	87	65	autre	ADJ	autre	notre	65	1	03-Archi	01-Normé	_	s	_
3070_CM1	3070		CM1	87	82	triste	ADJ	tristes	triste	82	1	02-Phono	01-Normé	_	p	_
1577_CM1	1577		CM1	126	11	perdu	ADJ	perdu	perdu	11	1	01-Normé	01-Normé	m	s	_
1577_CM1	1577		CM1	126	63	haut	ADJ	haut	au	63	1	02-Phono	01-Normé	m	s	_
1577_CM1	1577		CM1	126	105	autre	ADJ	autre	autr	105	1	02-Phono	01-Normé	_	s	_
1186_CM1	1186		CM1	252	33	autre	ADJ	autre	autre	33	1	01-Normé	01-Normé	_	s	_
1186_CM1	1186		CM1	252	89	profond	ADJ	profond	profond	87	1	01-Normé	01-Normé	m	s	_
1186_CM1	1186		CM1	252	210	rose	ADJ	rose	rose	207	1	01-Normé	01-Normé	_	s	_
1186_CM1	1186		CM1	252	232	super	ADJ	super	super	229	1	01-Normé	01-Normé	_	s	_
239_CM1	239		CM1	191	45	rentrant	ADJ	rentrante	rentre	45	1	04-ApproxGraphique	01-Normé	f	s	_
239_CM1	239		CM1	191	69	rentrant	ADJ	rentrante	rentrante	69	1	01-Normé	01-Normé	f	s	_
239_CM1	239		CM1	191	137	rentrant	ADJ	rentrante	rentrante	136	1	01-Normé	01-Normé	f	s	_
239_CM1	239		CM1	191	143	plein	ADJ	pleine	pleine	142	1	01-Normé	01-Normé	f	s	_
239_CM1	239		CM1	191	171	additionnel	ADJ	additionnel	aditionel	170	1	04-ApproxGraphique	01-Normé	m	s	_
2034_CM1	2034		CM1	263	5	maladroit	ADJ	maladroite	maladroite	5	1	01-Normé	01-Normé	f	s	_
2034_CM1	2034		CM1	263	7	<unknown>	ADJ	C'	C'	7	1	01-Normé	01-Normé	_	_	_
2034_CM1	2034		CM1	263	13	vieux	ADJ	vieille	vieille	13	1	01-Normé	01-Normé	f	s	_
2034_CM1	2034		CM1	263	64	curieux	ADJ	curieux	curieux	62	1	01-Normé	01-Normé	m	_	_
2034_CM1	2034		CM1	263	89	petit	ADJ	petit	petit	87	1	01-Normé	01-Normé	m	s	_
2034_CM1	2034		CM1	263	179	juste	ADJ	juste	juste	177	1	01-Normé	01-Normé	_	s	_
2034_CM1	2034		CM1	263	206	bon	ADJ	bon	bon	204	1	01-Normé	01-Normé	m	s	_
569_CM1	569		CM1	119	10	autre	ADJ	autres	autres	10	1	01-Normé	01-Normé	_	p	_
949_CM1	949		CM1	150	9	méchant	ADJ	méchante	maichante	9	1	03-Archi	01-Normé	f	s	_
949_CM1	949		CM1	150	41	méchant	ADJ	méchante	maichante	39	1	03-Archi	01-Normé	f	s	_
949_CM1	949		CM1	150	85	méchant	ADJ	méchante	maichante	83	1	03-Archi	01-Normé	f	s	_
949_CM1	949		CM1	150	97	gentil	ADJ	gentille	gantie	96	1	04-ApproxGraphique	01-Normé	f	s	_
949_CM1	949		CM1	150	149	méchant	ADJ	méchante	maichante	148	1	03-Archi	01-Normé	f	s	_
824_CM1	824		CM1	78	30	petit	ADJ	petite	petite	30	1	01-Normé	01-Normé	f	s	_
824_CM1	824		CM1	78	38	blessé	ADJ	blessé	blésser	38	1	02-Phono	01-Normé	m	s	_
1976_CM1	1976		CM1	183	6	ensoleillé	ADJ	ensoleillée	ensoleiller	6	1	02-Phono	01-Normé	f	s	_
1976_CM1	1976		CM1	183	44	mécanique	ADJ	mécanique	mécanique	44	1	01-Normé	01-Normé	_	s	_
1976_CM1	1976		CM1	183	66	nul	ADJ	nul	nul	65	1	01-Normé	01-Normé	m	s	_
1976_CM1	1976		CM1	183	75	<unknown>	ADJ	blo	blo	74	1	01-Normé	01-Normé	_	_	_
1976_CM1	1976		CM1	183	78	<unknown>	ADJ	bla	bla	77	1	01-Normé	01-Normé	_	_	_
1976_CM1	1976		CM1	183	91	content	ADJ	contente	contente	90	1	01-Normé	01-Normé	f	s	_
1976_CM1	1976		CM1	183	123	pratique	ADJ	pratique	pratique	122	1	01-Normé	01-Normé	_	s	_
772_CM1	772		CM1	179	17	magique	ADJ	magique	magique	17	1	01-Normé	01-Normé	_	s	_
772_CM1	772		CM1	179	31	magique	ADJ	magique	pagique	31	1	04-ApproxGraphique	01-Normé	_	s	_
772_CM1	772		CM1	179	158	heureux	ADJ	heureuse	heureuse	159	1	01-Normé	01-Normé	f	s	_
3009_CM1	3009		CM1	95	22	agile	ADJ	agile	ajile	22	1	04-ApproxGraphique	01-Normé	_	s	_
2938_CM1	2938		CM1	176	40	normal	ADJ	normal	normal	40	1	01-Normé	01-Normé	m	s	_
2938_CM1	2938		CM1	176	61	court	ADJ	court	courer	61	1	04-ApproxGraphique	01-Normé	m	s	_
2938_CM1	2938		CM1	176	106	intelligent	ADJ	intelligent	inteligant	106	1	04-ApproxGraphique	01-Normé	m	s	_
2938_CM1	2938		CM1	176	119	normal	ADJ	normal	normal	118	1	01-Normé	01-Normé	m	s	_
2938_CM1	2938		CM1	176	156	normal	ADJ	normal	normal	154	1	01-Normé	01-Normé	m	s	_
2938_CM1	2938		CM1	176	173	normal	ADJ	normal	normal	175	1	01-Normé	01-Normé	m	s	_
1125_CM1	1125		CM1	434	6	petit	ADJ	petit	petit	6	1	01-Normé	01-Normé	m	s	_
1125_CM1	1125		CM1	434	9	seul	ADJ	seul	seul	9	1	01-Normé	01-Normé	m	s	_
1125_CM1	1125		CM1	434	71	blanc	ADJ	blanc	blanc	70	1	01-Normé	01-Normé	m	s	_
1125_CM1	1125		CM1	434	93	malade	ADJ	malade	malade	92	1	01-Normé	01-Normé	_	s	_
1125_CM1	1125		CM1	434	109	seul	ADJ	seule	seul	108	1	02-Phono	01-Normé	f	s	_
1125_CM1	1125		CM1	434	312	vieux	ADJ	vieille	vielle	310	1	04-ApproxGraphique	01-Normé	f	s	_
1125_CM1	1125		CM1	434	339	furieux	ADJ	furieuse	furieuse	337	1	01-Normé	01-Normé	f	s	_
1125_CM1	1125		CM1	434	361	aimant	ADJ	aimante	émante	359	1	03-Archi	01-Normé	f	s	_
1125_CM1	1125		CM1	434	436	même	ADJ	même	même	434	1	01-Normé	01-Normé	_	s	_
576_CM1	576		CM1	44	8	ami	ADJ	amis	amie	8	1	02-Phono	01-Normé	m	p	_
576_CM1	576		CM1	44	10	diabolique	ADJ	diaboliques	diabauli	10	1	04-ApproxGraphique	02-HyperSeg	_	p	_
576_CM1	576		CM1	44	10	diabolique	ADJ	diaboliques	-	11	1	04-ApproxGraphique	02-HyperSeg	_	p	_
576_CM1	576		CM1	44	10	diabolique	ADJ	diaboliques	-	12	1	04-ApproxGraphique	02-HyperSeg	_	p	_
576_CM1	576		CM1	44	10	diabolique	ADJ	diaboliques	que	13	1	04-ApproxGraphique	02-HyperSeg	_	p	_
576_CM1	576		CM1	44	34	diabolique	ADJ	diaboliques	diabaulique	37	1	03-Archi	01-Normé	_	p	_
1232_CM1	1232		CM1	140	10	gentil	ADJ	gentille	gentille	10	1	01-Normé	01-Normé	f	s	_
1232_CM1	1232		CM1	140	51	piéton	ADJ	piétons	piétons	51	1	01-Normé	01-Normé	m	p	_
1232_CM1	1232		CM1	140	75	gentil	ADJ	gentille	gentille	75	1	01-Normé	01-Normé	f	s	_
1232_CM1	1232		CM1	140	86	méchant	ADJ	méchante	méchante	86	1	01-Normé	01-Normé	f	s	_
1232_CM1	1232		CM1	140	113	joli	ADJ	joli	joli	113	1	01-Normé	01-Normé	m	s	_
1232_CM1	1232		CM1	140	115	charmant	ADJ	charmant	charment	115	1	02-Phono	01-Normé	m	s	_
1232_CM1	1232		CM1	140	123	amoureux	ADJ	amoureuse	amoureuse	123	1	01-Normé	01-Normé	f	s	_
3017_CM1	3017		CM1	351	10	vieux	ADJ	vieille	vieille	10	1	01-Normé	01-Normé	f	s	_
3017_CM1	3017		CM1	351	22	vieux	ADJ	vieille	vieille	22	1	01-Normé	01-Normé	f	s	_
3017_CM1	3017		CM1	351	36	mignon	ADJ	mignon	mignon	35	1	01-Normé	01-Normé	m	s	_
3017_CM1	3017		CM1	351	137	mignon	ADJ	mignon	mignon	135	1	01-Normé	01-Normé	m	s	_
3017_CM1	3017		CM1	351	164	content	ADJ	content	comtemt	162	1	02-Phono	01-Normé	m	s	_
3017_CM1	3017		CM1	351	314	content	ADJ	contents	content	313	1	02-Phono	01-Normé	m	p	_
1100_CM1	1100		CM1	175	56	fou	ADJ	fou	fous	56	1	02-Phono	01-Normé	m	s	_
1100_CM1	1100		CM1	175	83	jeune	ADJ	jeune	jeune	83	1	01-Normé	01-Normé	_	s	_
1100_CM1	1100		CM1	175	96	jeune	ADJ	jeune	jeune	96	1	01-Normé	01-Normé	_	s	_
1100_CM1	1100		CM1	175	103	jeune	ADJ	jeune	jeun	103	1	04-ApproxGraphique	01-Normé	_	s	_
1100_CM1	1100		CM1	175	110	parlant	ADJ	parlant	parlant	110	1	01-Normé	01-Normé	m	s	_
1100_CM1	1100		CM1	175	139	bête	ADJ	bête	bête	139	1	01-Normé	01-Normé	_	s	_
1846_CM1	1846		CM1	206	4	grand	ADJ	grands	grand	4	1	02-Phono	01-Normé	m	p	_
1846_CM1	1846		CM1	206	55	joli	ADJ	joli	jolie	52	1	02-Phono	01-Normé	m	s	_
1846_CM1	1846		CM1	206	182	mauvais	ADJ	mauvais	mauvais	176	1	01-Normé	01-Normé	m	_	_
663_CM1	663		CM1	198	5	musclé	ADJ	musclé	musclé	5	1	01-Normé	01-Normé	m	s	_
663_CM1	663		CM1	198	79	démoniaque	ADJ	démoniaque	démoniaque	78	1	01-Normé	01-Normé	_	s	_
663_CM1	663		CM1	198	142	dernier	ADJ	dernier	dernier	140	1	01-Normé	01-Normé	m	s	_
663_CM1	663		CM1	198	198	fort	ADJ	forts	forts	196	1	01-Normé	01-Normé	m	p	_
1848_CM1	1848		CM1	139	129	tranquille	ADJ	tranquille	tranquil	123	1	04-ApproxGraphique	01-Normé	_	s	_
1337_CM1	1337		CM1	102	57	gros	ADJ	grosse	grosse	57	1	01-Normé	01-Normé	f	s	_
2713_CM1	2713		CM1	225	86	têtu	ADJ	têtu	tétut	86	1	02-Phono	01-Normé	m	s	_
2713_CM1	2713		CM1	225	99	heureux	ADJ	heureux	eure	99	1	07-Non normé	05-Non pertinent	m	_	_
2713_CM1	2713		CM1	225	155	petit	ADJ	petit	petit	154	1	01-Normé	01-Normé	m	s	_
2713_CM1	2713		CM1	225	164	<unknown>	ADJ	Zobie	Zobie	163	1	01-Normé	01-Normé	_	_	_
2000_CM1	2000		CM1	173	20	<unknown>	ADJ	Tec	tec'	20	1	02-Phono	01-Normé	m	_	_
2000_CM1	2000		CM1	173	21	<unknown>	ADJ	'		21	1	08-Non pertinent	06-Omis	_	_	_
2000_CM1	2000		CM1	173	22	<unknown>	ADJ	novile	novile	22	1	01-Normé	01-Normé	_	_	_
2000_CM1	2000		CM1	173	53	bizarre	ADJ	bizarre	bizare	53	1	02-Phono	01-Normé	_	s	_
950_CM1	950		CM1	274	9	curieux	ADJ	curieux	curieux	9	1	01-Normé	01-Normé	m	_	_
950_CM1	950		CM1	274	13	<unknown>	ADJ	Jhin	Jhin	13	1	01-Normé	01-Normé	_	_	_
950_CM1	950		CM1	274	21	futur	ADJ	futur	futur	21	1	01-Normé	01-Normé	m	s	_
950_CM1	950		CM1	274	35	<unknown>	ADJ	Jhin	Jhin	35	1	01-Normé	01-Normé	_	_	_
950_CM1	950		CM1	274	39	mauvais	ADJ	mauvais	mauvais	39	1	01-Normé	01-Normé	m	_	_
950_CM1	950		CM1	274	62	horrible	ADJ	horrible	horible	63	1	02-Phono	01-Normé	_	s	_
950_CM1	950		CM1	274	80	diabolique	ADJ	diaboliques	diabolique	81	1	02-Phono	01-Normé	_	p	_
950_CM1	950		CM1	274	91	joli	ADJ	joli	jolie	92	1	02-Phono	01-Normé	m	s	_
950_CM1	950		CM1	274	101	gentil	ADJ	gentille	gentille	102	1	01-Normé	01-Normé	f	s	_
950_CM1	950		CM1	274	108	mauvais	ADJ	mauvaise	mauvaise	109	1	01-Normé	01-Normé	f	s	_
950_CM1	950		CM1	274	161	sombre	ADJ	sombre	sombre	163	1	01-Normé	01-Normé	_	s	_
950_CM1	950		CM1	274	235	intelligent	ADJ	intelligent	intelligent	236	1	01-Normé	01-Normé	m	s	_
950_CM1	950		CM1	274	258	mort	ADJ	morts	morts	259	1	01-Normé	01-Normé	m	p	_
1102_CM1	1102		CM1	250	11	sympa	ADJ	sympa	sympa	11	1	01-Normé	01-Normé	_	s	_
1102_CM1	1102		CM1	250	13	gentil	ADJ	gentil	jentil	13	1	02-Phono	01-Normé	m	s	_
1102_CM1	1102		CM1	250	15	aventurier	ADJ	aventurier	aventurier	15	1	01-Normé	01-Normé	m	s	_
1102_CM1	1102		CM1	250	46	bon	ADJ	bons	bon	46	1	02-Phono	01-Normé	m	p	_
1102_CM1	1102		CM1	250	133	triste	ADJ	triste	triste	132	1	01-Normé	01-Normé	_	s	_
1102_CM1	1102		CM1	250	230	nouveau	ADJ	nouveaux	nouveaux	228	1	01-Normé	01-Normé	m	p	_
1102_CM1	1102		CM1	250	231	mûr	ADJ	mûrs	mûre	229	1	02-Phono	01-Normé	m	p	_
1953_CM1	1953		CM1	86	34	rapide	ADJ	rapide	rapide	32	1	01-Normé	01-Normé	_	s	_
1953_CM1	1953		CM1	86	73	humain	ADJ	humain	humains	69	1	02-Phono	01-Normé	m	s	_
1602_CM1	1602		CM1	118	78	ami	ADJ	amis	amis	79	1	01-Normé	01-Normé	m	p	_
96_CM1	96		CM1	216	7	<unknown>	ADJ	C'	C'	7	1	01-Normé	01-Normé	_	_	_
96_CM1	96		CM1	216	26	bon	ADJ	bons	Bon	26	1	02-Phono	01-Normé	m	p	_
96_CM1	96		CM1	216	42	autre	ADJ	autres	autres	42	1	01-Normé	01-Normé	_	p	_
96_CM1	96		CM1	216	105	triste	ADJ	triste	triste	104	1	01-Normé	01-Normé	_	s	_
96_CM1	96		CM1	216	156	content	ADJ	content	content	156	1	01-Normé	01-Normé	m	s	_
96_CM1	96		CM1	216	211	autre	ADJ	autre	autre	211	1	01-Normé	01-Normé	_	s	_
3053_CM1	3053		CM1	258	10	seul	ADJ	seule	seul	10	1	02-Phono	01-Normé	f	s	_
3053_CM1	3053		CM1	258	14	sombre	ADJ	sombre	sombre	14	1	01-Normé	01-Normé	_	s	_
3053_CM1	3053		CM1	258	20	pauvre	ADJ	pauvre	pauvre	20	1	01-Normé	01-Normé	_	s	_
3053_CM1	3053		CM1	258	51	triste	ADJ	triste	triste	51	1	01-Normé	01-Normé	_	s	_
3053_CM1	3053		CM1	258	58	autre	ADJ	autre	otre	58	1	03-Archi	01-Normé	_	s	_
3053_CM1	3053		CM1	258	63	sombre	ADJ	sombre	sombre	63	1	01-Normé	01-Normé	_	s	_
3053_CM1	3053		CM1	258	71	riche	ADJ	riche	riche	71	1	01-Normé	01-Normé	_	s	_
3053_CM1	3053		CM1	258	134	sombre	ADJ	sombre	sombre	134	1	01-Normé	01-Normé	_	s	_
3053_CM1	3053		CM1	258	186	heureux	ADJ	heureuse	heureuse	185	1	01-Normé	01-Normé	f	s	_
3053_CM1	3053		CM1	258	194	plein	ADJ	plein	plein	193	1	01-Normé	01-Normé	m	s	_
3053_CM1	3053		CM1	258	203	plein	ADJ	plein	plein	202	1	01-Normé	01-Normé	m	s	_
3053_CM1	3053		CM1	258	209	heureux	ADJ	heureuse	heureuse	208	1	01-Normé	01-Normé	f	s	_
3053_CM1	3053		CM1	258	233	heureux	ADJ	heureuse	heureuse	232	1	01-Normé	01-Normé	f	s	_
116_CM1	116		CM1	204	8	petit	ADJ	petite	petite	7	1	01-Normé	01-Normé	f	s	_
116_CM1	116		CM1	204	28	petit	ADJ	petit	petit	27	1	01-Normé	01-Normé	m	s	_
116_CM1	116		CM1	204	30	noir	ADJ	noir	noir	29	1	01-Normé	01-Normé	m	s	_
116_CM1	116		CM1	204	97	plein	ADJ	plein	plein	96	1	01-Normé	01-Normé	m	s	_
116_CM1	116		CM1	204	99	autre	ADJ	autres	otre	98	1	03-Archi	01-Normé	_	p	_
116_CM1	116		CM1	204	127	nouveau	ADJ	nouvelle	nouvel	125	1	02-Phono	01-Normé	f	s	_
116_CM1	116		CM1	204	170	fort	ADJ	forte	fort	167	1	04-ApproxGraphique	01-Normé	f	s	_
116_CM1	116		CM1	204	193	nouveau	ADJ	nouvelle	nouvel	190	1	02-Phono	01-Normé	f	s	_
116_CM1	116		CM1	204	197	nouveau	ADJ	nouvelle	nouvel	194	1	02-Phono	01-Normé	f	s	_
2883_CM1	2883		CM1	333	256	arrière	ADJ	arrière	arrière	256	1	01-Normé	01-Normé	_	s	_
2536_CM1	2536		CM1	131	12	noir	ADJ	noir	noir	12	1	01-Normé	01-Normé	m	s	_
2536_CM1	2536		CM1	131	17	petit	ADJ	petite	petite	17	1	01-Normé	01-Normé	f	s	_
2536_CM1	2536		CM1	131	24	grand	ADJ	grandes	grandes	24	1	01-Normé	01-Normé	f	p	_
2536_CM1	2536		CM1	131	46	long	ADJ	longue	longue	46	1	01-Normé	01-Normé	f	s	_
2536_CM1	2536		CM1	131	47	noir	ADJ	noire	noir	47	1	02-Phono	01-Normé	f	s	_
2536_CM1	2536		CM1	131	51	pointu	ADJ	pointu	pointu	51	1	01-Normé	01-Normé	m	s	_
2536_CM1	2536		CM1	131	52	noir	ADJ	noir	noir	52	1	01-Normé	01-Normé	m	s	_
2536_CM1	2536		CM1	131	55	petit	ADJ	petite	petite	55	1	01-Normé	01-Normé	f	s	_
2536_CM1	2536		CM1	131	59	violet	ADJ	violette	violet	59	1	04-ApproxGraphique	01-Normé	f	s	_
2536_CM1	2536		CM1	131	63	magique	ADJ	magique	magique	63	1	01-Normé	01-Normé	_	s	_
2536_CM1	2536		CM1	131	84	magique	ADJ	magique	magique	84	1	01-Normé	01-Normé	_	s	_
2536_CM1	2536		CM1	131	119	fini	ADJ	fini	fini	119	1	01-Normé	01-Normé	m	s	_
2536_CM1	2536		CM1	131	125	content	ADJ	contente	contente	125	1	01-Normé	01-Normé	f	s	_
1330_CM1	1330		CM1	172	15	ami	ADJ	amis	amis	15	1	01-Normé	01-Normé	m	p	_
1330_CM1	1330		CM1	172	42	proche	ADJ	proches	proche	42	1	02-Phono	01-Normé	_	p	_
1330_CM1	1330		CM1	172	134	cassé	ADJ	cassée	cassé	134	1	02-Phono	01-Normé	f	s	_
1358_CM1	1358		CM1	161	17	plein	ADJ	plein	pleins	16	1	02-Phono	01-Normé	m	s	_
1358_CM1	1358		CM1	161	58	plein	ADJ	plein	plein	55	1	01-Normé	01-Normé	m	s	_
1358_CM1	1358		CM1	161	102	autre	ADJ	autres	autre	99	1	03-Archi	01-Normé	_	p	_
1358_CM1	1358		CM1	161	119	plein	ADJ	plein	plein	116	1	01-Normé	01-Normé	m	s	_
1358_CM1	1358		CM1	161	122	différent	ADJ	différentes	diférente	119	1	02-Phono	01-Normé	f	p	_
1354_CM1	1354		CM1	192	188	heureux	ADJ	heureux	heureux	187	1	01-Normé	01-Normé	m	_	_
1154_CM1	1154		CM1	269	44	petit	ADJ	petit	petit	44	1	01-Normé	01-Normé	m	s	_
1154_CM1	1154		CM1	269	51	gros	ADJ	grosse	grosse	51	1	01-Normé	01-Normé	f	s	_
1154_CM1	1154		CM1	269	78	petit	ADJ	petite	petite	78	1	01-Normé	01-Normé	f	s	_
1154_CM1	1154		CM1	269	112	petit	ADJ	petits	petit	112	1	02-Phono	01-Normé	m	p	_
1154_CM1	1154		CM1	269	139	petit	ADJ	petit	petit	139	1	01-Normé	01-Normé	m	s	_
1154_CM1	1154		CM1	269	166	petit	ADJ	petit	petit	166	1	01-Normé	01-Normé	m	s	_
1154_CM1	1154		CM1	269	188	bon	ADJ	bon	bon	187	1	01-Normé	01-Normé	m	s	_
1154_CM1	1154		CM1	269	205	grand	ADJ	grand	grand	204	1	01-Normé	01-Normé	m	s	_
1154_CM1	1154		CM1	269	236	gentil	ADJ	gentille	gentil	235	1	04-ApproxGraphique	01-Normé	f	s	_
1154_CM1	1154		CM1	269	254	ami	ADJ	amis	amie	252	1	02-Phono	01-Normé	m	p	_
560_CM1	560		CM1	177	36	autre	ADJ	autres	autres	36	1	01-Normé	01-Normé	_	p	_
560_CM1	560		CM1	177	74	sinistre	ADJ	sinistre	sinistre	74	1	01-Normé	01-Normé	_	s	_
945_CM1	945		CM1	383	31	gentil	ADJ	gentille	gentille	31	1	01-Normé	01-Normé	f	s	_
945_CM1	945		CM1	383	74	sale	ADJ	sale	salle	74	1	02-Phono	01-Normé	_	s	_
945_CM1	945		CM1	383	110	blanc	ADJ	blanc	blanc	110	1	01-Normé	01-Normé	m	s	_
945_CM1	945		CM1	383	113	noir	ADJ	noires	noir	113	1	02-Phono	01-Normé	f	p	_
945_CM1	945		CM1	383	132	beau	ADJ	beau	beau	132	1	01-Normé	01-Normé	m	s	_
945_CM1	945		CM1	383	138	sale	ADJ	sale	salle	138	1	02-Phono	01-Normé	_	s	_
945_CM1	945		CM1	383	154	doux	ADJ	doux	dous	154	1	02-Phono	01-Normé	m	_	_
945_CM1	945		CM1	383	161	content	ADJ	contente	contente	161	1	01-Normé	01-Normé	f	s	_
945_CM1	945		CM1	383	208	petit	ADJ	petits	petit	208	1	02-Phono	01-Normé	m	p	_
945_CM1	945		CM1	383	217	méchant	ADJ	méchants	mechant	217	1	04-ApproxGraphique	01-Normé	m	p	_
945_CM1	945		CM1	383	222	différent	ADJ	différentes	differente	222	1	04-ApproxGraphique	01-Normé	f	p	_
945_CM1	945		CM1	383	229	autre	ADJ	autre	autre	229	1	01-Normé	01-Normé	_	s	_
945_CM1	945		CM1	383	234	autre	ADJ	autre	autre	234	1	01-Normé	01-Normé	_	s	_
945_CM1	945		CM1	383	242	plein	ADJ	plein	plun	242	1	03-Archi	01-Normé	m	s	_
945_CM1	945		CM1	383	383	petit	ADJ	petits	petit	384	1	02-Phono	01-Normé	m	p	_
1350_CM1	1350		CM1	236	15	imaginaire	ADJ	imaginaires	imaginaire	16	1	02-Phono	01-Normé	_	p	_
1350_CM1	1350		CM1	236	38	mou	ADJ	mou	mou	39	1	01-Normé	01-Normé	m	s	_
1350_CM1	1350		CM1	236	97	plein	ADJ	plein	plein	94	1	01-Normé	01-Normé	m	s	_
1350_CM1	1350		CM1	236	111	plein	ADJ	pleins	plein	108	1	02-Phono	01-Normé	m	p	_
1350_CM1	1350		CM1	236	201	juste	ADJ	juste	juste	197	1	01-Normé	01-Normé	_	s	_
1350_CM1	1350		CM1	236	231	mou	ADJ	mou	mou	227	1	01-Normé	01-Normé	m	s	_
1187_CM1	1187		CM1	175	33	gentil	ADJ	gentil	gentille	33	1	04-ApproxGraphique	01-Normé	m	s	_
1187_CM1	1187		CM1	175	35	méchant	ADJ	méchant	méchan	35	1	02-Phono	01-Normé	m	s	_
1187_CM1	1187		CM1	175	43	méchant	ADJ	méchants	méchant	43	1	02-Phono	01-Normé	m	p	_
2540_CM1	2540		CM1	148	110	<unknown>	ADJ	bl	bl	111	1	01-Normé	01-Normé	_	_	_
2540_CM1	2540		CM1	148	145	autre	ADJ	autres	autre	145	1	02-Phono	01-Normé	_	p	_
3018_CM1	3018		CM1	244	13	vieux	ADJ	vieille	vielle	14	1	04-ApproxGraphique	01-Normé	f	s	_
3018_CM1	3018		CM1	244	55	vivant	ADJ	vivante	vivante	56	1	01-Normé	01-Normé	f	s	_
3018_CM1	3018		CM1	244	107	humain	ADJ	humain	humain	106	1	01-Normé	01-Normé	m	s	_
3018_CM1	3018		CM1	244	204	petit	ADJ	petit	petit	203	1	01-Normé	01-Normé	m	s	_
2903_CM1	2903		CM1	122	49	mignon	ADJ	mignon	mignon	49	1	01-Normé	01-Normé	m	s	_
2903_CM1	2903		CM1	122	55	bon	ADJ	bonnes	bonne	55	1	02-Phono	01-Normé	f	p	_
2903_CM1	2903		CM1	122	75	autre	ADJ	autre	autre	76	1	01-Normé	01-Normé	_	s	_
2903_CM1	2903		CM1	122	94	mignon	ADJ	mignon	mignon	95	1	01-Normé	01-Normé	m	s	_
2903_CM1	2903		CM1	122	100	bon	ADJ	bonnes	bonne	101	1	02-Phono	01-Normé	f	p	_
2903_CM1	2903		CM1	122	114	autre	ADJ	autres	autre	116	1	02-Phono	01-Normé	_	p	_
3038_CM1	3038		CM1	101	5	bizarre	ADJ	bizarre	bizarrre	5	1	04-ApproxGraphique	01-Normé	_	s	_
3038_CM1	3038		CM1	101	13	bizarre	ADJ	bizarre	bizarre	13	1	01-Normé	01-Normé	_	s	_
3038_CM1	3038		CM1	101	34	bizarre	ADJ	bizarre	bizarre	34	1	01-Normé	01-Normé	_	s	_
3038_CM1	3038		CM1	101	42	autre	ADJ	autre	autre	42	1	01-Normé	01-Normé	_	s	_
3038_CM1	3038		CM1	101	87	idiot	ADJ	idiot	idiot	87	1	01-Normé	01-Normé	m	s	_
2399_CM1	2399		CM1	92	9	plein	ADJ	plein	plein	9	1	01-Normé	01-Normé	m	s	_
2399_CM1	2399		CM1	92	13	petit	ADJ	petit	petit	13	1	01-Normé	01-Normé	m	s	_
2399_CM1	2399		CM1	92	26	sombre	ADJ	sombre	sombre	27	1	01-Normé	01-Normé	_	s	_
2399_CM1	2399		CM1	92	32	immense	ADJ	immenses	immence	34	1	02-Phono	01-Normé	_	p	_
2399_CM1	2399		CM1	92	77	mignon	ADJ	mignon	mignon	79	1	01-Normé	01-Normé	m	s	_
1513_CM1	1513		CM1	192	35	gentil	ADJ	gentille	gentille	35	1	01-Normé	01-Normé	f	s	_
1513_CM1	1513		CM1	192	65	sage	ADJ	sages	sages	65	1	01-Normé	01-Normé	_	p	_
1513_CM1	1513		CM1	192	72	méchant	ADJ	méchant	méchant	72	1	01-Normé	01-Normé	m	s	_
1513_CM1	1513		CM1	192	85	gentil	ADJ	gentille	gentille	85	1	01-Normé	01-Normé	f	s	_
1513_CM1	1513		CM1	192	117	vert	ADJ	verts	vert	117	1	02-Phono	01-Normé	m	p	_
1513_CM1	1513		CM1	192	146	gentil	ADJ	gentille	gentille	146	1	01-Normé	01-Normé	f	s	_
1513_CM1	1513		CM1	192	155	petit	ADJ	petit	petit	155	1	01-Normé	01-Normé	m	s	_
1513_CM1	1513		CM1	192	182	gentil	ADJ	gentille	gentille	182	1	01-Normé	01-Normé	f	s	_
1212_CM1	1212		CM1	114	48	magique	ADJ	magique	magique	49	1	01-Normé	01-Normé	_	s	_
1212_CM1	1212		CM1	114	84	mauvais	ADJ	mauvaise	movese	85	1	05-ApproxPhono	01-Normé	f	s	_
1212_CM1	1212		CM1	114	108	pareil	ADJ	pareille	pareille	107	1	01-Normé	01-Normé	f	s	_
2906_CM1	2906		CM1	397	7	magique	ADJ	magiques	magique	7	1	02-Phono	01-Normé	_	p	_
2906_CM1	2906		CM1	397	14	petit	ADJ	petite	petite	14	1	01-Normé	01-Normé	f	s	_
2906_CM1	2906		CM1	397	19	magique	ADJ	magiques	magiques	19	1	01-Normé	01-Normé	_	p	_
2906_CM1	2906		CM1	397	44	petit	ADJ	petite	petite	44	1	01-Normé	01-Normé	f	s	_
2906_CM1	2906		CM1	397	47	blanc	ADJ	blanche	blanche	47	1	01-Normé	01-Normé	f	s	_
2906_CM1	2906		CM1	397	55	clair	ADJ	clair	clair	55	1	01-Normé	01-Normé	m	s	_
2906_CM1	2906		CM1	397	57	superbe	ADJ	superbe	superbe	57	1	01-Normé	01-Normé	_	s	_
2906_CM1	2906		CM1	397	74	courageux	ADJ	courageuse	courageuse	74	1	01-Normé	01-Normé	f	s	_
2906_CM1	2906		CM1	397	82	FAUX	ADJ	FAUX	FAUX	82	1	01-Normé	01-Normé	m	_	_
2906_CM1	2906		CM1	397	96	sûr	ADJ	sûr	sur	96	1	02-Phono	01-Normé	m	s	_
2906_CM1	2906		CM1	397	126	splendide	ADJ	splendide	splendide	126	1	01-Normé	01-Normé	_	s	_
2906_CM1	2906		CM1	397	146	parti	ADJ	partie	partie	146	1	01-Normé	01-Normé	f	s	par:pas;
2906_CM1	2906		CM1	397	193	FAUX	ADJ	FAUX	FAUX	193	1	01-Normé	01-Normé	m	_	_
2906_CM1	2906		CM1	397	204	grand	ADJ	grand	grand	204	1	01-Normé	01-Normé	m	s	_
2906_CM1	2906		CM1	397	232	<unknown>	ADJ	-	-	232	1	01-Normé	01-Normé	_	_	_
2906_CM1	2906		CM1	397	233	<unknown>	ADJ	Désolée	Désolé	233	1	02-Phono	01-Normé	f	s	_
2906_CM1	2906		CM1	397	244	FAUX	ADJ	FAUX	FAUX	244	1	01-Normé	01-Normé	m	_	_
2906_CM1	2906		CM1	397	329	FAUX	ADJ	FAUX	FAUX	329	1	01-Normé	01-Normé	m	_	_
2906_CM1	2906		CM1	397	358	FAUX	ADJ	FAUX	FAUX	358	1	01-Normé	01-Normé	m	_	_
2906_CM1	2906		CM1	397	395	joyeux	ADJ	joyeux	joyeux	396	1	01-Normé	01-Normé	m	_	_
2899_CM1	2899		CM1	202	32	ami	ADJ	amis	ami	32	1	02-Phono	01-Normé	m	p	_
2899_CM1	2899		CM1	202	143	court	ADJ	court	coure	143	1	02-Phono	01-Normé	m	s	_
1318_CM1	1318		CM1	193	47	bon	ADJ	bon	bon	47	1	01-Normé	01-Normé	m	s	_
1318_CM1	1318		CM1	193	81	bon	ADJ	bonne	bon	81	1	07-Non normé	05-Non pertinent	f	s	_
2979_CM1	2979		CM1	176	12	<unknown>	ADJ	C'	C'	12	1	01-Normé	01-Normé	_	_	_
2979_CM1	2979		CM1	176	95	conscient	ADJ	conscient	contient	94	1	04-ApproxGraphique	01-Normé	m	s	_
2979_CM1	2979		CM1	176	102	conscient	ADJ	conscient	contient	101	1	04-ApproxGraphique	01-Normé	m	s	_
2979_CM1	2979		CM1	176	118	autre	ADJ	autre	autre	117	1	01-Normé	01-Normé	_	s	_
2404_CM1	2404		CM1	319	13	ami	ADJ	amis	amis	13	1	01-Normé	01-Normé	m	p	_
2404_CM1	2404		CM1	319	72	ami	ADJ	amis	amis	72	1	01-Normé	01-Normé	m	p	_
2404_CM1	2404		CM1	319	193	joli	ADJ	jolie	jolie	193	1	01-Normé	01-Normé	m	p	_
2404_CM1	2404		CM1	319	250	pareil	ADJ	pareil	pareil	249	1	01-Normé	01-Normé	m	s	_
114_CM1	114		CM1	360	16	cruel	ADJ	cruelle	cruel	16	1	02-Phono	01-Normé	f	s	_
114_CM1	114		CM1	360	45	moche	ADJ	moche	moche	45	1	01-Normé	01-Normé	_	s	_
114_CM1	114		CM1	360	48	baveux	ADJ	baveux	baveu	48	1	02-Phono	01-Normé	m	_	_
114_CM1	114		CM1	360	51	méchant	ADJ	méchant	méchant	51	1	01-Normé	01-Normé	m	s	_
114_CM1	114		CM1	360	142	fort	ADJ	fort	fort	142	1	01-Normé	01-Normé	m	s	_
114_CM1	114		CM1	360	147	entier	ADJ	entier	entier	147	1	01-Normé	01-Normé	m	s	_
114_CM1	114		CM1	360	168	juste	ADJ	juste	juste	168	1	01-Normé	01-Normé	_	s	_
114_CM1	114		CM1	360	200	gros	ADJ	gros	gros	200	1	01-Normé	01-Normé	m	_	_
114_CM1	114		CM1	360	275	gentil	ADJ	gentille	gentille	275	1	01-Normé	01-Normé	f	s	_
114_CM1	114		CM1	360	291	seul	ADJ	seul	seul	291	1	01-Normé	01-Normé	m	s	_
114_CM1	114		CM1	360	312	amoureux	ADJ	amoureuse	amoureuse	312	1	01-Normé	01-Normé	f	s	_
114_CM1	114		CM1	360	319	amoureux	ADJ	amoureux	amoureux	319	1	01-Normé	01-Normé	m	_	_
114_CM1	114		CM1	360	329	heureux	ADJ	heureux	heureux	329	1	01-Normé	01-Normé	m	_	_
3003_CM1	3003		CM1	372	22	bleu	ADJ	bleu	bleu	22	1	01-Normé	01-Normé	m	s	_
3003_CM1	3003		CM1	372	34	cruel	ADJ	cruelle	cruel	34	1	02-Phono	01-Normé	f	s	_
3003_CM1	3003		CM1	372	212	prêt	ADJ	prêts	prés	210	1	03-Archi	01-Normé	m	p	_
3003_CM1	3003		CM1	372	233	grave	ADJ	grave	grave	231	1	01-Normé	01-Normé	_	s	_
3003_CM1	3003		CM1	372	256	gentil	ADJ	gentil	gentil	254	1	01-Normé	01-Normé	m	s	_
3003_CM1	3003		CM1	372	288	seul	ADJ	seul	seule	286	1	02-Phono	01-Normé	m	s	_
3003_CM1	3003		CM1	372	300	seul	ADJ	seul	seule	297	1	02-Phono	01-Normé	m	s	_
3003_CM1	3003		CM1	372	350	merveilleux	ADJ	merveilleuse	merveilleuse	346	1	01-Normé	01-Normé	f	s	_
3003_CM1	3003		CM1	372	352	gourmand	ADJ	gourmande	gourmande	348	1	01-Normé	01-Normé	f	s	_
113_CM1	113		CM1	141	34	bête	ADJ	bête	bète	34	1	02-Phono	01-Normé	_	s	_
113_CM1	113		CM1	141	137	tranquille	ADJ	tranquille	trenquile	137	1	02-Phono	01-Normé	_	s	_
2818_CM1	2818		CM1	54	49	super	ADJ	super	supère	46	1	02-Phono	01-Normé	_	s	_
2820_CM1	2820		CM1	173	4	ami	ADJ	amies	amies	4	1	01-Normé	01-Normé	f	p	_
2820_CM1	2820		CM1	173	15	<unknown>	ADJ	maitresse	maitresse	15	1	01-Normé	01-Normé	_	_	_
2820_CM1	2820		CM1	173	39	sympa	ADJ	sympa	simpa	40	1	02-Phono	01-Normé	_	s	_
2820_CM1	2820		CM1	173	41	magique	ADJ	magique	magique	42	1	01-Normé	01-Normé	_	s	_
2820_CM1	2820		CM1	173	69	<unknown>	ADJ	Robotique	robotique	70	1	01-Normé	01-Normé	f	s	_
2820_CM1	2820		CM1	173	98	bon	ADJ	bon	Abon	99	1	04-ApproxGraphique	01-Normé	m	s	_
2820_CM1	2820		CM1	173	145	joli	ADJ	joli	jolie	146	1	02-Phono	01-Normé	m	s	_
2820_CM1	2820		CM1	173	172	ami	ADJ	amis	ami	173	1	04-ApproxGraphique	01-Normé	m	p	_
1955_CM1	1955		CM1	130	34	maléfique	ADJ	maléfique	malefique	34	1	04-ApproxGraphique	01-Normé	_	s	_
1955_CM1	1955		CM1	130	71	maléfique	ADJ	maléfique	maléfique	71	1	01-Normé	01-Normé	_	s	_
211_CM1	211		CM1	223	226	beau	ADJ	belle	belle	220	1	01-Normé	01-Normé	f	s	_
2982_CM1	2982		CM1	151	9	fou	ADJ	fou	fou	9	1	01-Normé	01-Normé	m	s	_
2982_CM1	2982		CM1	151	16	maladroit	ADJ	maladroit	maladroit	16	1	01-Normé	01-Normé	m	s	_
2982_CM1	2982		CM1	151	28	intelligent	ADJ	intelligent	intéligent	29	1	03-Archi	01-Normé	m	s	_
2982_CM1	2982		CM1	151	62	moche	ADJ	moche	fôretmoche	60	2	04-ApproxGraphique	03-HypoSeg	_	s	_
2982_CM1	2982		CM1	151	83	fou	ADJ	fou	fou	80	1	01-Normé	01-Normé	m	s	_
2982_CM1	2982		CM1	151	88	méchant	ADJ	méchant	méchant	85	1	01-Normé	01-Normé	m	s	_
2982_CM1	2982		CM1	151	136	fou	ADJ	fou	fou	133	1	01-Normé	01-Normé	m	s	_
2982_CM1	2982		CM1	151	148	gentil	ADJ	gentil	jentil	144	1	02-Phono	01-Normé	m	s	_
3040_CM1	3040		CM1	204	72	magnifique	ADJ	magnifique	magnifique	71	1	01-Normé	01-Normé	_	s	_
3040_CM1	3040		CM1	204	103	magique	ADJ	magique	magique	102	1	01-Normé	01-Normé	_	s	_
3040_CM1	3040		CM1	204	169	humain	ADJ	humain	humain	168	1	01-Normé	01-Normé	m	s	_
3040_CM1	3040		CM1	204	172	humain	ADJ	humain	humain	171	1	01-Normé	01-Normé	m	s	_
3040_CM1	3040		CM1	204	201	riche	ADJ	riche	riche	200	1	01-Normé	01-Normé	_	s	_
102_CM1	102		CM1	103	4	meilleur	ADJ	meilleures	meilleures	4	1	01-Normé	01-Normé	f	p	_
102_CM1	102		CM1	103	21	noir	ADJ	noir	noire	21	1	02-Phono	01-Normé	m	s	_
102_CM1	102		CM1	103	38	jaloux	ADJ	jaloux	jalou	38	1	02-Phono	01-Normé	m	_	_
102_CM1	102		CM1	103	58	furieux	ADJ	furieuse	furieuse	58	1	01-Normé	01-Normé	f	s	_
102_CM1	102		CM1	103	96	petit	ADJ	petit	petit	96	1	01-Normé	01-Normé	m	s	_
102_CM1	102		CM1	103	110	heureux	ADJ	heureux	heureux	110	1	01-Normé	01-Normé	m	_	_
205_CM1	205		CM1	252	7	noir	ADJ	noir	noir'	7	1	02-Phono	01-Normé	m	s	_
205_CM1	205		CM1	252	14	petit	ADJ	petit	petit	14	1	01-Normé	01-Normé	m	s	_
205_CM1	205		CM1	252	16	noir	ADJ	noir	noir	16	1	01-Normé	01-Normé	m	s	_
205_CM1	205		CM1	252	29	petit	ADJ	petit	petit	29	1	01-Normé	01-Normé	m	s	_
205_CM1	205		CM1	252	60	petit	ADJ	petit	peit	60	1	04-ApproxGraphique	01-Normé	m	s	_
205_CM1	205		CM1	252	71	juste	ADJ	Juste	Juste	71	1	01-Normé	01-Normé	_	s	_
205_CM1	205		CM1	252	96	petit	ADJ	petit	petite	96	1	04-ApproxGraphique	01-Normé	m	s	_
205_CM1	205		CM1	252	114	petit	ADJ	petit	petit	114	1	01-Normé	01-Normé	m	s	_
205_CM1	205		CM1	252	117	noir	ADJ	noir	noir	117	1	01-Normé	01-Normé	m	s	_
205_CM1	205		CM1	252	134	petit	ADJ	petit	petites	134	1	04-ApproxGraphique	01-Normé	m	s	_
205_CM1	205		CM1	252	157	petit	ADJ	petit	petit	157	1	01-Normé	01-Normé	m	s	_
205_CM1	205		CM1	252	164	magnifique	ADJ	magnifique	manifique	164	1	04-ApproxGraphique	01-Normé	_	s	_
205_CM1	205		CM1	252	213	petit	ADJ	petit	petit	213	1	01-Normé	01-Normé	m	s	_
205_CM1	205		CM1	252	242	nouveau	ADJ	nouveau	nouveau	242	1	01-Normé	01-Normé	m	s	_
1561_CM1	1561		CM1	210	12	noir	ADJ	noir	noir	12	1	01-Normé	01-Normé	m	s	_
1561_CM1	1561		CM1	210	78	gentil	ADJ	gentille	gentille	76	1	01-Normé	01-Normé	f	s	_
1561_CM1	1561		CM1	210	187	vétérinaire	ADJ	vétérinaire	vétérinaire	185	1	01-Normé	01-Normé	_	s	_
2450_CM1	2450		CM1	241	34	plein	ADJ	plein	plein	34	1	01-Normé	01-Normé	m	s	_
2450_CM1	2450		CM1	241	37	magique	ADJ	magiques	magique	37	1	02-Phono	01-Normé	_	p	_
2450_CM1	2450		CM1	241	83	beau	ADJ	belle	belle	83	1	01-Normé	01-Normé	f	s	_
2450_CM1	2450		CM1	241	88	bizarre	ADJ	bizarre	bizarre	88	1	01-Normé	01-Normé	_	s	_
2450_CM1	2450		CM1	241	103	sauf	ADJ	sauf	sauf	103	1	01-Normé	01-Normé	m	s	_
2450_CM1	2450		CM1	241	109	monstrueux	ADJ	monstrueuse	monstrueuse	109	1	01-Normé	01-Normé	f	s	_
2450_CM1	2450		CM1	241	118	amoureux	ADJ	amoureux	amoureux	118	1	01-Normé	01-Normé	m	_	_
2450_CM1	2450		CM1	241	130	seul	ADJ	seule	seul	130	1	02-Phono	01-Normé	f	s	_
2450_CM1	2450		CM1	241	157	blanc	ADJ	blanc	blanc	157	1	01-Normé	01-Normé	m	s	_
2450_CM1	2450		CM1	241	163	rayé	ADJ	rayé	rayer	163	1	02-Phono	01-Normé	m	s	_
2450_CM1	2450		CM1	241	166	tacheté	ADJ	tacheté	tacheter	166	1	02-Phono	01-Normé	m	s	par:pas;
2450_CM1	2450		CM1	241	193	seul	ADJ	seule	seul	193	1	02-Phono	01-Normé	f	s	_
2450_CM1	2450		CM1	241	207	magique	ADJ	magique	magiqu	207	1	02-Phono	01-Normé	_	s	_
2450_CM1	2450		CM1	241	212	autre	ADJ	autres	autre	212	1	02-Phono	01-Normé	_	p	_
2450_CM1	2450		CM1	241	216	différent	ADJ	différents	différent	216	1	02-Phono	01-Normé	m	p	_
2002_CM1	2002		CM1	167	30	noir	ADJ	noir	noir	30	1	01-Normé	01-Normé	m	s	_
2002_CM1	2002		CM1	167	82	noir	ADJ	noir	noir	82	1	01-Normé	01-Normé	m	s	_
2002_CM1	2002		CM1	167	110	noir	ADJ	noir	noir	110	1	01-Normé	01-Normé	m	s	_
2002_CM1	2002		CM1	167	125	blanc	ADJ	blanc	blanc	125	1	01-Normé	01-Normé	m	s	_
2002_CM1	2002		CM1	167	131	blanc	ADJ	blanc	blanc	131	1	01-Normé	01-Normé	m	s	_
2002_CM1	2002		CM1	167	144	blanc	ADJ	blanc	blanc	144	1	01-Normé	01-Normé	m	s	_
2002_CM1	2002		CM1	167	152	noir	ADJ	noir	noir	152	1	01-Normé	01-Normé	m	s	_
2974_CM1	2974		CM1	92	38	laid	ADJ	laide	laide	37	1	01-Normé	01-Normé	f	s	_
2974_CM1	2974		CM1	92	46	gentil	ADJ	gentille	jantigne	45	1	04-ApproxGraphique	01-Normé	f	s	_
2984_CM1	2984		CM1	324	17	petit	ADJ	petit	petit	17	1	01-Normé	01-Normé	m	s	_
2984_CM1	2984		CM1	324	70	vieux	ADJ	vieille	vièille	70	1	04-ApproxGraphique	01-Normé	f	s	_
2984_CM1	2984		CM1	324	74	petit	ADJ	petit	petit	74	1	01-Normé	01-Normé	m	s	_
2984_CM1	2984		CM1	324	103	petit	ADJ	petit	peuti	103	1	03-Archi	01-Normé	m	s	_
2984_CM1	2984		CM1	324	205	petit	ADJ	petit	petit	208	1	01-Normé	01-Normé	m	s	_
2984_CM1	2984		CM1	324	251	plein	ADJ	plein	plain	256	1	02-Phono	01-Normé	m	s	_
2984_CM1	2984		CM1	324	317	bon	ADJ	bon	bon	319	1	01-Normé	01-Normé	m	s	_
3060_CM1	3060		CM1	181	7	moche	ADJ	moche	moche	7	1	01-Normé	01-Normé	_	s	_
3060_CM1	3060		CM1	181	8	vilain	ADJ	vilaine	vilaine	8	1	01-Normé	01-Normé	f	s	_
3060_CM1	3060		CM1	181	11	moche	ADJ	moche	moche	11	1	01-Normé	01-Normé	_	s	_
3060_CM1	3060		CM1	181	27	autre	ADJ	autres	autres	27	1	01-Normé	01-Normé	_	p	_
3060_CM1	3060		CM1	181	32	gentil	ADJ	gentil	gentille	32	1	04-ApproxGraphique	01-Normé	m	s	_
3060_CM1	3060		CM1	181	36	<unknown>	ADJ	lapinou	lapinou	36	1	01-Normé	01-Normé	_	_	_
3060_CM1	3060		CM1	181	38	sûr	ADJ	sûr	sur	38	1	02-Phono	01-Normé	m	s	_
3060_CM1	3060		CM1	181	70	gentil	ADJ	gentils	gentille	70	1	04-ApproxGraphique	01-Normé	m	p	_
3060_CM1	3060		CM1	181	93	malin	ADJ	maligne	maline	93	1	04-ApproxGraphique	01-Normé	f	s	_
3060_CM1	3060		CM1	181	114	magique	ADJ	magique	magique	114	1	01-Normé	01-Normé	_	s	_
3060_CM1	3060		CM1	181	132	magique	ADJ	magique	magique	132	1	01-Normé	01-Normé	_	s	_
2033_CM1	2033		CM1	125	68	gros	ADJ	gros	gros	68	1	01-Normé	01-Normé	m	_	_
1183_CM1	1183		CM1	161	21	autre	ADJ	autres	autres	21	1	01-Normé	01-Normé	_	p	_
1183_CM1	1183		CM1	161	26	gentil	ADJ	gentille	gentille	26	1	01-Normé	01-Normé	f	s	_
1183_CM1	1183		CM1	161	155	triste	ADJ	tristes	triste	154	1	02-Phono	01-Normé	_	p	_
1960_CM1	1960		CM1	311	5	maladroit	ADJ	maladroite	maladroite	5	1	01-Normé	01-Normé	f	s	_
1960_CM1	1960		CM1	311	23	débutant	ADJ	débutante	débutente	23	1	02-Phono	01-Normé	f	s	_
1960_CM1	1960		CM1	311	47	plein	ADJ	plein	plein	47	1	01-Normé	01-Normé	m	s	_
1960_CM1	1960		CM1	311	105	<unknown>	ADJ	Au	Au	105	1	01-Normé	01-Normé	_	_	_
1960_CM1	1960		CM1	311	117	noir	ADJ	noir	noire	116	1	02-Phono	01-Normé	m	s	_
1960_CM1	1960		CM1	311	154	splendide	ADJ	splendide	splendide	153	1	01-Normé	01-Normé	_	s	_
1960_CM1	1960		CM1	311	175	petit	ADJ	petite	petite	173	1	01-Normé	01-Normé	f	s	_
1960_CM1	1960		CM1	311	195	sale	ADJ	sale	sale	193	1	01-Normé	01-Normé	_	s	_
1960_CM1	1960		CM1	311	210	content	ADJ	content	content	208	1	01-Normé	01-Normé	m	s	_
1960_CM1	1960		CM1	311	233	petit	ADJ	petite	petite	231	1	01-Normé	01-Normé	f	s	_
1960_CM1	1960		CM1	311	259	petit	ADJ	petite	petite	257	1	01-Normé	01-Normé	f	s	_
1960_CM1	1960		CM1	311	270	petit	ADJ	petit	peti	268	1	02-Phono	01-Normé	m	s	_
1960_CM1	1960		CM1	311	290	massif	ADJ	massif	masif	288	1	04-ApproxGraphique	01-Normé	m	s	_
1960_CM1	1960		CM1	311	314	content	ADJ	content	content	312	1	01-Normé	01-Normé	m	s	_
1960_CM1	1960		CM1	311	317	heureux	ADJ	heureux	heureux	315	1	01-Normé	01-Normé	m	_	_
1355_CM1	1355		CM1	106	15	petit	ADJ	petite	petit	15	1	04-ApproxGraphique	01-Normé	f	s	_
1355_CM1	1355		CM1	106	48	dernier	ADJ	dernière	dérniére	49	1	04-ApproxGraphique	01-Normé	f	s	_
1355_CM1	1355		CM1	106	59	gris	ADJ	gris	gris	60	1	01-Normé	01-Normé	m	_	_
1355_CM1	1355		CM1	106	61	grand	ADJ	grand	grand	62	1	01-Normé	01-Normé	m	s	_
1355_CM1	1355		CM1	106	69	mauvais	ADJ	mauvais	movais	70	1	03-Archi	01-Normé	m	_	_
1355_CM1	1355		CM1	106	74	<unknown>	ADJ	Deux	Deux	75	1	01-Normé	01-Normé	_	_	_
2898_CM1	2898		CM1	167	8	gentil	ADJ	gentil	chantil	8	1	04-ApproxGraphique	01-Normé	m	s	_
2898_CM1	2898		CM1	167	41	gentil	ADJ	gentil	chantil	41	1	04-ApproxGraphique	01-Normé	m	s	_
2898_CM1	2898		CM1	167	100	fou	ADJ	fous	fout	100	1	02-Phono	01-Normé	m	p	_
1558_CM1	1558		CM1	506	7	célèbre	ADJ	célèbre	célèbre	7	1	01-Normé	01-Normé	_	s	_
1558_CM1	1558		CM1	506	57	libre	ADJ	libre	libre	56	1	01-Normé	01-Normé	_	s	_
1558_CM1	1558		CM1	506	78	sympathique	ADJ	sympathique	simpatique	77	1	02-Phono	01-Normé	_	s	_
1558_CM1	1558		CM1	506	177	heureux	ADJ	heureux	heureux	175	1	01-Normé	01-Normé	m	_	_
1558_CM1	1558		CM1	506	214	heureux	ADJ	heureux	heureux	210	1	01-Normé	01-Normé	m	_	_
1558_CM1	1558		CM1	506	411	gentil	ADJ	gentils	jenti	403	1	02-Phono	01-Normé	m	p	_
1558_CM1	1558		CM1	506	439	gauche	ADJ	gauche	gauche	430	1	01-Normé	01-Normé	_	s	_
1558_CM1	1558		CM1	506	445	droit	ADJ	droit	droit	436	1	01-Normé	01-Normé	m	s	_
1558_CM1	1558		CM1	506	506	heureux	ADJ	heureux	heurent	498	1	04-ApproxGraphique	01-Normé	m	_	_
1544_CM1	1544		CM1	323	13	célèbre	ADJ	célèbre	célèbre	13	1	01-Normé	01-Normé	_	s	_
1544_CM1	1544		CM1	323	23	bizarre	ADJ	bizarre	bizare	23	1	02-Phono	01-Normé	_	s	_
1544_CM1	1544		CM1	323	98	grave	ADJ	grave	grave	98	1	01-Normé	01-Normé	_	s	_
1544_CM1	1544		CM1	323	147	bon	ADJ	bon	bon	147	1	01-Normé	01-Normé	m	s	_
1544_CM1	1544		CM1	323	186	normal	ADJ	normal	normale	186	1	02-Phono	01-Normé	m	s	_
1544_CM1	1544		CM1	323	213	gentil	ADJ	gentil	gentille	214	1	04-ApproxGraphique	01-Normé	m	s	_
1544_CM1	1544		CM1	323	219	VRAI	ADJ	VRAI	vrais	220	1	02-Phono	01-Normé	m	s	_
1544_CM1	1544		CM1	323	282	bon	ADJ	bon	bon	282	1	01-Normé	01-Normé	m	s	_
1926_CM1	1926		CM1	251	8	bizarre	ADJ	bizarres	bizzare	8	1	02-Phono	01-Normé	_	p	_
1926_CM1	1926		CM1	251	19	nouveau	ADJ	nouvelle	nouvelle	19	1	01-Normé	01-Normé	f	s	_
1926_CM1	1926		CM1	251	53	VRAI	ADJ	VRAI	VRAI	52	1	01-Normé	01-Normé	m	s	_
1926_CM1	1926		CM1	251	73	ami	ADJ	amis	amis	72	1	01-Normé	01-Normé	m	p	_
1926_CM1	1926		CM1	251	89	bon	ADJ	bon	bon	88	1	01-Normé	01-Normé	m	s	_
1926_CM1	1926		CM1	251	95	bizarre	ADJ	bizarre	bizzare	94	1	02-Phono	01-Normé	_	s	_
1926_CM1	1926		CM1	251	112	seul	ADJ	seul	seul	110	1	01-Normé	01-Normé	m	s	_
1926_CM1	1926		CM1	251	133	sauf	ADJ	sauf	sauf	131	1	01-Normé	01-Normé	m	s	_
1325_CM1	1325		CM1	243	8	jeune	ADJ	jeune	jeune	8	1	01-Normé	01-Normé	_	s	_
1325_CM1	1325		CM1	243	30	beau	ADJ	beaux	beaux	30	1	01-Normé	01-Normé	m	p	_
1325_CM1	1325		CM1	243	40	<unknown>	ADJ	Tout	Tous	40	1	04-ApproxGraphique	01-Normé	m	s	_
1325_CM1	1325		CM1	243	47	gentil	ADJ	gentille	gentille	47	1	01-Normé	01-Normé	f	s	_
1325_CM1	1325		CM1	243	49	serviable	ADJ	serviable	serviable	49	1	01-Normé	01-Normé	_	s	_
1325_CM1	1325		CM1	243	51	beau	ADJ	belle	belle	51	1	01-Normé	01-Normé	f	s	_
1325_CM1	1325		CM1	243	63	serviable	ADJ	serviable	serviable	63	1	01-Normé	01-Normé	_	s	_
1325_CM1	1325		CM1	243	87	méchant	ADJ	méchante	mechante	87	1	04-ApproxGraphique	01-Normé	f	s	_
1325_CM1	1325		CM1	243	115	fidèle	ADJ	fidèle	fidèle	115	1	01-Normé	01-Normé	_	s	_
1325_CM1	1325		CM1	243	122	meilleur	ADJ	meilleures	meilleures	122	1	01-Normé	01-Normé	f	p	_
1325_CM1	1325		CM1	243	166	petit	ADJ	petite	petite	166	1	01-Normé	01-Normé	f	s	_
1325_CM1	1325		CM1	243	221	autre	ADJ	autre	autre	221	1	01-Normé	01-Normé	_	s	_
563_CM1	563		CM1	40	34	content	ADJ	content	contem	34	1	04-ApproxGraphique	01-Normé	m	s	_
563_CM1	563		CM1	40	38	triste	ADJ	triste	trite	38	1	04-ApproxGraphique	01-Normé	_	s	_
3043_CM1	3043		CM1	132	28	vert	ADJ	verts	vert	28	1	02-Phono	01-Normé	m	p	_
1512_CM1	1512		CM1	193	13	pire	ADJ	pires	pire	13	1	02-Phono	01-Normé	_	p	_
1512_CM1	1512		CM1	193	41	gentil	ADJ	gentille	gentille	41	1	01-Normé	01-Normé	f	s	_
1512_CM1	1512		CM1	193	63	juste	ADJ	juste	juste	63	1	01-Normé	01-Normé	_	s	_
1512_CM1	1512		CM1	193	93	nouveau	ADJ	nouvelle	nouvelle	93	1	01-Normé	01-Normé	f	s	_
1512_CM1	1512		CM1	193	101	magique	ADJ	magique	magique	101	1	01-Normé	01-Normé	_	s	_
1512_CM1	1512		CM1	193	121	gentil	ADJ	gentille	gentille	121	1	01-Normé	01-Normé	f	s	_
1512_CM1	1512		CM1	193	130	même	ADJ	même	même	130	1	01-Normé	01-Normé	_	s	_
1512_CM1	1512		CM1	193	142	gentil	ADJ	gentille	gentille	142	1	01-Normé	01-Normé	f	s	_
1512_CM1	1512		CM1	193	145	méchant	ADJ	méchante	méchante	145	1	01-Normé	01-Normé	f	s	_
1512_CM1	1512		CM1	193	163	magique	ADJ	magique	hipermagique	162	2	04-ApproxGraphique	03-HypoSeg	_	s	_
1512_CM1	1512		CM1	193	179	super	ADJ	super	super	178	1	01-Normé	01-Normé	_	s	_
1512_CM1	1512		CM1	193	187	gentil	ADJ	gentille	gentille	186	1	01-Normé	01-Normé	f	s	_
2988_CM1	2988		CM1	159	120	furieux	ADJ	furieux	furieu	119	1	02-Phono	01-Normé	m	_	_
2988_CM1	2988		CM1	159	125	prochain	ADJ	prochaine	prochène	124	1	02-Phono	01-Normé	f	s	_
3051_CM1	3051		CM1	127	8	moche	ADJ	moche	moche	8	1	01-Normé	01-Normé	_	s	_
3051_CM1	3051		CM1	127	10	maigre	ADJ	maigre	Maigre	10	1	01-Normé	01-Normé	_	s	_
3051_CM1	3051		CM1	127	62	magique	ADJ	magique	Magique	65	1	01-Normé	01-Normé	_	s	_
2809_CM1	2809		CM1	175	14	vieux	ADJ	vieille	vieille	13	1	01-Normé	01-Normé	f	s	_
2809_CM1	2809		CM1	175	18	long	ADJ	long	long	17	1	01-Normé	01-Normé	m	s	_
2809_CM1	2809		CM1	175	21	dégueulasse	ADJ	dégueulasse	dégueulasse	20	1	01-Normé	01-Normé	_	s	_
2809_CM1	2809		CM1	175	38	bien	ADJ	bien	bien	37	1	01-Normé	01-Normé	_	_	_
2809_CM1	2809		CM1	175	55	bizarre	ADJ	bizarre	bizarre	55	1	01-Normé	01-Normé	_	s	_
2809_CM1	2809		CM1	175	109	bon	ADJ	bon	bon	109	1	01-Normé	01-Normé	m	s	_
2809_CM1	2809		CM1	175	115	vulgaire	ADJ	vulgaire	vulgaire	115	1	01-Normé	01-Normé	_	s	_
2809_CM1	2809		CM1	175	136	cher	ADJ	chers	cher	135	1	02-Phono	01-Normé	m	p	_
100_CM1	100		CM1	87	71	gentil	ADJ	gentil	jentil	70	1	02-Phono	01-Normé	m	s	_
1556_CM1	1556		CM1	224	24	bizarre	ADJ	bizarre	bizard	24	1	02-Phono	01-Normé	_	s	_
1556_CM1	1556		CM1	224	40	sale	ADJ	sale	sale	39	1	01-Normé	01-Normé	_	s	_
1556_CM1	1556		CM1	224	102	égal	ADJ	égale	égale	102	1	01-Normé	01-Normé	f	s	_
1556_CM1	1556		CM1	224	146	délicieux	ADJ	Délicieux	Délicieux	146	1	01-Normé	01-Normé	m	_	_
1515_CM1	1515		CM1	157	9	gentil	ADJ	gentille	gentil	9	1	04-ApproxGraphique	01-Normé	f	s	_
1515_CM1	1515		CM1	157	20	magique	ADJ	magique	magique	20	1	01-Normé	01-Normé	_	s	_
1515_CM1	1515		CM1	157	29	autre	ADJ	autres	autres	29	1	01-Normé	01-Normé	_	p	_
1515_CM1	1515		CM1	157	31	magique	ADJ	magiques	magiques	31	1	01-Normé	01-Normé	_	p	_
1515_CM1	1515		CM1	157	42	plein	ADJ	plein	plein	42	1	01-Normé	01-Normé	m	s	_
1515_CM1	1515		CM1	157	55	plein	ADJ	plein	plein	55	1	01-Normé	01-Normé	m	s	_
1515_CM1	1515		CM1	157	78	plein	ADJ	plein	plein	78	1	01-Normé	01-Normé	m	s	_
1515_CM1	1515		CM1	157	89	futur	ADJ	futur	futur	89	1	01-Normé	01-Normé	m	s	_
1515_CM1	1515		CM1	157	149	futur	ADJ	futur	futur	149	1	01-Normé	01-Normé	m	s	_
3030_CM1	3030		CM1	125	14	pire	ADJ	pires	pires	14	1	01-Normé	01-Normé	_	p	_
3030_CM1	3030		CM1	125	84	grand	ADJ	grand	grand	84	1	01-Normé	01-Normé	m	s	_
3030_CM1	3030		CM1	125	97	meilleur	ADJ	meilleurs	meilleurs	97	1	01-Normé	01-Normé	m	p	_
3030_CM1	3030		CM1	125	101	entier	ADJ	entier	entiers	101	1	02-Phono	01-Normé	m	s	_
3030_CM1	3030		CM1	125	111	bon	ADJ	bon	bonne	111	1	07-Non normé	05-Non pertinent	m	s	_
3045_CM1	3045		CM1	194	71	incassable	ADJ	incassable	incassable	78	1	01-Normé	01-Normé	_	s	_
3045_CM1	3045		CM1	194	149	intelligent	ADJ	intelligent	intélligen	154	1	04-ApproxGraphique	01-Normé	m	s	_
3045_CM1	3045		CM1	194	182	<unknown>	ADJ	métalivore	métalivore	187	1	01-Normé	01-Normé	_	_	_
655_CM1	655		CM1	95	8	affamé	ADJ	affamé	affamé	8	1	01-Normé	01-Normé	m	s	_
655_CM1	655		CM1	95	31	rapide	ADJ	rapide	rapide	31	1	01-Normé	01-Normé	_	s	_
655_CM1	655		CM1	95	73	nouveau	ADJ	nouveau	nouveau	73	1	01-Normé	01-Normé	m	s	_
2902_CM1	2902		CM1	390	15	appelé	ADJ	appelée	appellé	15	1	04-ApproxGraphique	01-Normé	f	s	par:pas;
2902_CM1	2902		CM1	390	38	courageux	ADJ	courageux	courageux	38	1	01-Normé	01-Normé	m	_	_
2902_CM1	2902		CM1	390	63	méchant	ADJ	méchante	méchante	63	1	01-Normé	01-Normé	f	s	_
2902_CM1	2902		CM1	390	76	sûr	ADJ	sûr	sûr	76	1	01-Normé	01-Normé	m	s	_
2902_CM1	2902		CM1	390	82	solide	ADJ	solide	solide	82	1	01-Normé	01-Normé	_	s	_
2902_CM1	2902		CM1	390	152	génial	ADJ	géniale	génial	152	1	02-Phono	01-Normé	f	s	_
2902_CM1	2902		CM1	390	182	petit	ADJ	petit	petit	182	1	01-Normé	01-Normé	m	s	_
2902_CM1	2902		CM1	390	225	intelligent	ADJ	intelligent	intéligent	225	1	04-ApproxGraphique	01-Normé	m	s	_
2902_CM1	2902		CM1	390	285	infini	ADJ	infinie	infini	285	1	02-Phono	01-Normé	f	s	_
2902_CM1	2902		CM1	390	287	petit	ADJ	petit	petit	287	1	01-Normé	01-Normé	m	s	_
2902_CM1	2902		CM1	390	323	botté	ADJ	botté	botté	322	1	01-Normé	01-Normé	m	s	_
2902_CM1	2902		CM1	390	342	invincible	ADJ	invincible	invisible	341	1	04-ApproxGraphique	01-Normé	_	s	_
2902_CM1	2902		CM1	390	385	méchant	ADJ	méchante	méchante	384	1	01-Normé	01-Normé	f	s	_
2902_CM1	2902		CM1	390	386	nouveau	ADJ	nouvelle	nouvelle	385	1	01-Normé	01-Normé	f	s	_
2902_CM1	2902		CM1	390	388	<unknown>	ADJ	invinsible	invisible	387	1	04-ApproxGraphique	01-Normé	_	_	_
572_CM1	572		CM1	73	21	spatial	ADJ	spatiale	spatial	21	1	02-Phono	01-Normé	f	s	_
825_CM1	825		CM1	81	38	surpris	ADJ	surprise	surprise	38	1	01-Normé	01-Normé	f	s	_
2972_CM1	2972		CM1	92	4	vieux	ADJ	vieil	vieille	4	1	02-Phono	01-Normé	m	s	_
2972_CM1	2972		CM1	92	12	vieux	ADJ	vieil	vieille	12	1	02-Phono	01-Normé	m	s	_
2972_CM1	2972		CM1	92	33	vieux	ADJ	vieil	vieille	33	1	02-Phono	01-Normé	m	s	_
2972_CM1	2972		CM1	92	80	vieux	ADJ	vieille	vieille	80	1	01-Normé	01-Normé	f	s	_
1338_CM1	1338		CM1	96	52	seul	ADJ	seul	seul	52	1	01-Normé	01-Normé	m	s	_
1338_CM1	1338		CM1	96	65	ennuyeux	ADJ	ennuyeux	ennuyeux	65	1	01-Normé	01-Normé	m	_	_
2031_CM1	2031		CM1	80	18	autre	ADJ	autres	autres	18	1	01-Normé	01-Normé	_	p	_
2031_CM1	2031		CM1	80	24	gentil	ADJ	gentille	jentille	24	1	02-Phono	01-Normé	f	s	_
2031_CM1	2031		CM1	80	37	vieux	ADJ	vieille	vieille	37	1	01-Normé	01-Normé	f	s	_
2031_CM1	2031		CM1	80	73	prêt	ADJ	prêt	près	73	1	02-Phono	01-Normé	m	s	_
1114_CM1	1114		CM1	218	55	blessé	ADJ	blessé	blessé	55	1	01-Normé	01-Normé	m	s	_
1114_CM1	1114		CM1	218	77	magique	ADJ	magique	magique	77	1	01-Normé	01-Normé	_	s	_
1114_CM1	1114		CM1	218	120	mince	ADJ	mince	mainsse	120	1	02-Phono	01-Normé	_	s	_
1114_CM1	1114		CM1	218	136	autre	ADJ	autre	autre	136	1	01-Normé	01-Normé	_	s	_
1114_CM1	1114		CM1	218	203	petit	ADJ	petit	petit	204	1	01-Normé	01-Normé	m	s	_
397_CM1	397		CM1	139	13	sûr	ADJ	sûr	biensure	12	2	02-Phono	03-HypoSeg	m	s	_
397_CM1	397		CM1	139	17	fort	ADJ	fort	forent	16	1	04-ApproxGraphique	01-Normé	m	s	_
1101_CM1	1101		CM1	239	197	fou	ADJ	fou	fout	193	1	02-Phono	01-Normé	m	s	_
1101_CM1	1101		CM1	239	206	fou	ADJ	folle	fous	202	1	07-Non normé	05-Non pertinent	f	s	_
1101_CM1	1101		CM1	239	236	copain	ADJ	copains	copin	233	1	02-Phono	01-Normé	m	p	_
1101_CM1	1101		CM1	239	241	content	ADJ	content	écontant	237	2	02-Phono	03-HypoSeg	m	s	_
570_CM1	570		CM1	145	11	<unknown>	ADJ	Groin	Groin	11	1	01-Normé	01-Normé	m	s	_
570_CM1	570		CM1	145	12	<unknown>	ADJ	-	-	12	1	01-Normé	01-Normé	_	_	_
570_CM1	570		CM1	145	13	<unknown>	ADJ	Groin	Groin	13	1	01-Normé	01-Normé	m	s	_
570_CM1	570		CM1	145	35	<unknown>	ADJ	Oin	oin	35	1	01-Normé	01-Normé	_	_	_
570_CM1	570		CM1	145	36	<unknown>	ADJ	-	-	36	1	01-Normé	01-Normé	_	_	_
570_CM1	570		CM1	145	37	<unknown>	ADJ	Oin	oin	37	1	01-Normé	01-Normé	_	_	_
570_CM1	570		CM1	145	72	meilleur	ADJ	meilleur	meileur	72	1	04-ApproxGraphique	01-Normé	m	s	_
570_CM1	570		CM1	145	80	capable	ADJ	capable	capable	80	1	01-Normé	01-Normé	_	s	_
1157_CM1	1157		CM1	245	13	petit	ADJ	petit	petit	13	1	01-Normé	01-Normé	m	s	_
1157_CM1	1157		CM1	245	66	débile	ADJ	débile	débile	66	1	01-Normé	01-Normé	_	s	_
1157_CM1	1157		CM1	245	77	stupide	ADJ	stupide	stupide	77	1	01-Normé	01-Normé	_	s	_
1157_CM1	1157		CM1	245	139	bon	ADJ	bon	bon	139	1	01-Normé	01-Normé	m	s	_
1157_CM1	1157		CM1	245	157	<unknown>	ADJ	Miaouu	MIAOUU	157	1	01-Normé	01-Normé	_	_	_
1157_CM1	1157		CM1	245	219	pire	ADJ	pire	PIRE	218	1	01-Normé	01-Normé	_	s	_
835_CM1	835		CM1	160	84	beau	ADJ	beau	beau	82	1	01-Normé	01-Normé	m	s	_
835_CM1	835		CM1	160	122	noir	ADJ	noir	noir	120	1	01-Normé	01-Normé	m	s	_
835_CM1	835		CM1	160	134	brun	ADJ	brun	brun	132	1	01-Normé	01-Normé	m	s	_
835_CM1	835		CM1	160	147	brun	ADJ	brun	brun	145	1	01-Normé	01-Normé	m	s	_
835_CM1	835		CM1	160	157	jaloux	ADJ	jaloux	jaloux	155	1	01-Normé	01-Normé	m	_	_
1865_CM1	1865		CM1	154	25	autre	ADJ	autres	autre	25	1	04-ApproxGraphique	01-Normé	_	p	_
1865_CM1	1865		CM1	154	37	rare	ADJ	rare	rare	37	1	01-Normé	01-Normé	_	s	_
1865_CM1	1865		CM1	154	44	terrible	ADJ	terrible	térrible	44	1	03-Archi	01-Normé	_	s	_
1865_CM1	1865		CM1	154	54	même	ADJ	même	même	54	1	01-Normé	01-Normé	_	s	_
1865_CM1	1865		CM1	154	61	haut	ADJ	haut	haut	61	1	01-Normé	01-Normé	m	s	_
1865_CM1	1865		CM1	154	69	brûlant	ADJ	brûlant	brulant	69	1	02-Phono	01-Normé	m	s	_
1865_CM1	1865		CM1	154	75	vert	ADJ	verte	verte	75	1	01-Normé	01-Normé	f	s	_
221_CM1	221		CM1	64	7	gentil	ADJ	gentil	jentille	7	1	04-ApproxGraphique	01-Normé	m	s	_
221_CM1	221		CM1	64	54	petit	ADJ	petit	petit	54	1	01-Normé	01-Normé	m	s	_
221_CM1	221		CM1	64	63	mignon	ADJ	mignon	mignon	63	1	01-Normé	01-Normé	m	s	_
1525_CM1	1525		CM1	204	59	perdu	ADJ	perdu	perdu	59	1	01-Normé	01-Normé	m	s	_
1525_CM1	1525		CM1	204	67	perdu	ADJ	perdu	perdu	67	1	01-Normé	01-Normé	m	s	_
1525_CM1	1525		CM1	204	73	gauche	ADJ	gauche	guauche	73	1	02-Phono	01-Normé	_	s	_
1525_CM1	1525		CM1	204	86	gauche	ADJ	gauche	gauche	86	1	01-Normé	01-Normé	_	s	_
1525_CM1	1525		CM1	204	167	grand	ADJ	grande	grande	167	1	01-Normé	01-Normé	f	s	_
1525_CM1	1525		CM1	204	176	inséparable	ADJ	inséparables	inséparable	176	1	04-ApproxGraphique	01-Normé	_	p	_
1525_CM1	1525		CM1	204	190	martien	ADJ	martiens	martien	190	1	02-Phono	01-Normé	m	p	_
1525_CM1	1525		CM1	204	202	génial	ADJ	géniaux	génial	203	1	04-ApproxGraphique	01-Normé	m	p	_
1969_CM1	1969		CM1	219	20	gentil	ADJ	gentil	gentil	20	1	01-Normé	01-Normé	m	s	_
1969_CM1	1969		CM1	219	29	noir	ADJ	noir	noir	29	1	01-Normé	01-Normé	m	s	_
1969_CM1	1969		CM1	219	86	aveugle	ADJ	aveugle	aveugele	86	1	04-ApproxGraphique	01-Normé	_	s	_
1969_CM1	1969		CM1	219	99	fainéant	ADJ	fainéante	feniante	99	1	04-ApproxGraphique	01-Normé	f	s	_
1969_CM1	1969		CM1	219	123	aveugle	ADJ	aveugle	aveugle	124	1	01-Normé	01-Normé	_	s	_
1969_CM1	1969		CM1	219	134	généreux	ADJ	généreux	généreu	135	1	02-Phono	01-Normé	m	_	_
1969_CM1	1969		CM1	219	146	gentil	ADJ	gentille	gentil	147	1	04-ApproxGraphique	01-Normé	f	s	_
1969_CM1	1969		CM1	219	183	bizarre	ADJ	bizarre	bizzar	184	1	02-Phono	01-Normé	_	s	_
1969_CM1	1969		CM1	219	197	bon	ADJ	bonnes	bonne	198	1	02-Phono	01-Normé	f	p	_
1969_CM1	1969		CM1	219	206	content	ADJ	content	content	207	1	01-Normé	01-Normé	m	s	_
204_CM1	204		CM1	136	19	seul	ADJ	seule	seul	19	1	02-Phono	01-Normé	f	s	_
204_CM1	204		CM1	136	22	grand	ADJ	grand	grand	22	1	01-Normé	01-Normé	m	s	_
204_CM1	204		CM1	136	24	hanté	ADJ	hanté	enter	24	1	02-Phono	01-Normé	m	s	_
204_CM1	204		CM1	136	46	nouveau	ADJ	nouvelle	nouvelle	46	1	01-Normé	01-Normé	f	s	_
204_CM1	204		CM1	136	130	énorme	ADJ	énormes	énorme	129	1	02-Phono	01-Normé	_	p	_
1366_CM1	1366		CM1	268	25	fort	ADJ	fort	fort	25	1	01-Normé	01-Normé	m	s	_
1366_CM1	1366		CM1	268	123	super	ADJ	super	super	123	1	01-Normé	01-Normé	_	s	_
1366_CM1	1366		CM1	268	156	méchant	ADJ	méchante	méchante	157	1	01-Normé	01-Normé	f	s	_
1366_CM1	1366		CM1	268	166	petit	ADJ	petite	petite	167	1	01-Normé	01-Normé	f	s	_
1366_CM1	1366		CM1	268	185	grand	ADJ	grand	grand	186	1	01-Normé	01-Normé	m	s	_
200_CM1	200		CM1	131	19	seul	ADJ	seule	seul	19	1	02-Phono	01-Normé	f	s	_
200_CM1	200		CM1	131	21	triste	ADJ	triste	tristre	21	1	04-ApproxGraphique	01-Normé	_	s	_
200_CM1	200		CM1	131	25	entier	ADJ	entier	entier	25	1	01-Normé	01-Normé	m	s	_
200_CM1	200		CM1	131	40	magique	ADJ	magique	magique	40	1	01-Normé	01-Normé	_	s	_
200_CM1	200		CM1	131	41	cassé	ADJ	cassé	cassé	41	1	01-Normé	01-Normé	m	s	_
200_CM1	200		CM1	131	111	normal	ADJ	normal	normal	111	1	01-Normé	01-Normé	m	s	_
3001_CM1	3001		CM1	158	30	jeune	ADJ	jeune	jeune	30	1	01-Normé	01-Normé	_	s	_
3001_CM1	3001		CM1	158	39	autre	ADJ	autre	autre	39	1	01-Normé	01-Normé	_	s	_
3001_CM1	3001		CM1	158	90	doux	ADJ	doux	doux	90	1	01-Normé	01-Normé	m	_	_
3001_CM1	3001		CM1	158	122	petit	ADJ	petit	petit	122	1	01-Normé	01-Normé	m	s	_
3001_CM1	3001		CM1	158	151	bon	ADJ	bons	bon	151	1	02-Phono	01-Normé	m	p	_
3001_CM1	3001		CM1	158	155	petit	ADJ	petit	petit	155	1	01-Normé	01-Normé	m	s	_
2829_CM1	2829		CM1	109	63	grand	ADJ	grande	grande	63	1	01-Normé	01-Normé	f	s	_
2829_CM1	2829		CM1	109	101	sanglant	ADJ	sanglant	singlan	98	1	04-ApproxGraphique	01-Normé	m	s	_
1596_CM1	1596		CM1	110	11	crochu	ADJ	crochu	crochut	11	1	02-Phono	01-Normé	m	s	_
1596_CM1	1596		CM1	110	16	maléfique	ADJ	maléfique	maléfique	16	1	01-Normé	01-Normé	_	s	_
1596_CM1	1596		CM1	110	23	noir	ADJ	noir	noir	23	1	01-Normé	01-Normé	m	s	_
1596_CM1	1596		CM1	110	33	petit	ADJ	petite	petite	33	1	01-Normé	01-Normé	f	s	_
1596_CM1	1596		CM1	110	51	magique	ADJ	magique	magique	51	1	01-Normé	01-Normé	_	s	_
1596_CM1	1596		CM1	110	56	magique	ADJ	magique	magique	56	1	01-Normé	01-Normé	_	s	_
1596_CM1	1596		CM1	110	108	maléfique	ADJ	maléfique	maléfique	107	1	01-Normé	01-Normé	_	s	_
3064_CM1	3064		CM1	248	33	malin	ADJ	malin	mes	33	1	05-ApproxPhono	02-HyperSeg	m	s	_
3064_CM1	3064		CM1	248	44	beau	ADJ	beau		44	1	08-Non pertinent	06-Omis	m	s	_
3064_CM1	3064		CM1	248	63	seul	ADJ	seul		63	1	08-Non pertinent	06-Omis	m	s	_
3064_CM1	3064		CM1	248	112	femelle	ADJ	femelle		108	6	08-Non pertinent	06-Omis	_	s	_
3064_CM1	3064		CM1	248	153	malin	ADJ	malin	malin	148	1	01-Normé	01-Normé	m	s	_
3064_CM1	3064		CM1	248	164	beau	ADJ	beau	beau	159	1	01-Normé	01-Normé	m	s	_
3064_CM1	3064		CM1	248	183	seul	ADJ	seul	seul	178	1	01-Normé	01-Normé	m	s	_
3064_CM1	3064		CM1	248	233	femelle	ADJ	femelle	femelle	228	1	01-Normé	01-Normé	_	s	_
2901_CM1	2901		CM1	211	4	nouveau	ADJ	nouveau	nouveau	4	1	01-Normé	01-Normé	m	s	_
2901_CM1	2901		CM1	211	18	appelé	ADJ	appelée	appeller	18	1	04-ApproxGraphique	01-Normé	f	s	par:pas;
2901_CM1	2901		CM1	211	30	bon	ADJ	bonne	bonne	30	1	01-Normé	01-Normé	f	s	_
2901_CM1	2901		CM1	211	58	heureux	ADJ	heureux	heureux	58	1	01-Normé	01-Normé	m	_	_
2901_CM1	2901		CM1	211	61	joyeux	ADJ	joyeux	joyeux	61	1	01-Normé	01-Normé	m	_	_
2901_CM1	2901		CM1	211	72	appelé	ADJ	appelée	appellait	72	1	05-ApproxPhono	01-Normé	f	s	par:pas;
2901_CM1	2901		CM1	211	85	petit	ADJ	petit	petit	85	1	01-Normé	01-Normé	m	s	_
2901_CM1	2901		CM1	211	90	plein	ADJ	plein	plein	90	1	01-Normé	01-Normé	m	s	_
2901_CM1	2901		CM1	211	102	<unknown>	ADJ	Robothérique	Robothérique	102	1	01-Normé	01-Normé	_	_	_
2901_CM1	2901		CM1	211	151	bizarre	ADJ	bizarre	bizare	151	1	02-Phono	01-Normé	_	s	_
2901_CM1	2901		CM1	211	188	nouveau	ADJ	nouveau	nouveau	188	1	01-Normé	01-Normé	m	s	_
2901_CM1	2901		CM1	211	189	heureux	ADJ	heureux	heureux	189	1	01-Normé	01-Normé	m	_	_
2901_CM1	2901		CM1	211	191	joyeux	ADJ	joyeux	joyeux	191	1	01-Normé	01-Normé	m	_	_
1302_CM1	1302		CM1	273	13	intrus	ADJ	intrus	intru	13	1	02-Phono	01-Normé	m	_	_
1302_CM1	1302		CM1	273	97	australien	ADJ	australien	Australien	97	1	01-Normé	01-Normé	m	s	_
1302_CM1	1302		CM1	273	148	gratuit	ADJ	gratuit	gratuit	148	1	01-Normé	01-Normé	m	s	_
1302_CM1	1302		CM1	273	206	VRAI	ADJ	VRAI	VRAI	206	1	01-Normé	01-Normé	m	s	_
1302_CM1	1302		CM1	273	209	utile	ADJ	utile	utile	209	1	01-Normé	01-Normé	_	s	_
1302_CM1	1302		CM1	273	218	bon	ADJ	Bon	Bon	218	1	01-Normé	01-Normé	m	s	_
1302_CM1	1302		CM1	273	243	VRAI	ADJ	VRAI	VRAI	243	1	01-Normé	01-Normé	m	s	_
1302_CM1	1302		CM1	273	286	meilleur	ADJ	meilleures	meilleur	286	1	02-Phono	01-Normé	f	p	_
2035_CM1	2035		CM1	118	88	électrique	ADJ	électrique	électrique	88	1	01-Normé	01-Normé	_	s	_
2413_CM1	2413		CM1	245	24	particulier	ADJ	particulier	particulier	24	1	01-Normé	01-Normé	m	s	_
2413_CM1	2413		CM1	245	32	grand	ADJ	grand	grand	32	1	01-Normé	01-Normé	m	s	_
2413_CM1	2413		CM1	245	38	beau	ADJ	belle	belle	38	1	01-Normé	01-Normé	f	s	_
2413_CM1	2413		CM1	245	84	long	ADJ	long	long	84	1	01-Normé	01-Normé	m	s	_
2413_CM1	2413		CM1	245	148	petit	ADJ	petite	petite	148	1	01-Normé	01-Normé	f	s	_
2413_CM1	2413		CM1	245	212	beau	ADJ	beau	beau	211	1	01-Normé	01-Normé	m	s	_
2413_CM1	2413		CM1	245	227	petit	ADJ	petite	petite	226	1	01-Normé	01-Normé	f	s	_
2413_CM1	2413		CM1	245	234	beau	ADJ	belle	belle	233	1	01-Normé	01-Normé	f	s	_
2413_CM1	2413		CM1	245	236	grand	ADJ	grande	grande	235	1	01-Normé	01-Normé	f	s	_
52_CM1	52		CM1	207	18	hanté	ADJ	hantée	enter	18	1	02-Phono	01-Normé	f	s	_
52_CM1	52		CM1	207	34	méchant	ADJ	méchant	méchant	34	1	01-Normé	01-Normé	m	s	_
52_CM1	52		CM1	207	41	méchant	ADJ	méchante	méchante	41	1	01-Normé	01-Normé	f	s	_
52_CM1	52		CM1	207	70	triste	ADJ	triste	triste	70	1	01-Normé	01-Normé	_	s	_
52_CM1	52		CM1	207	87	content	ADJ	content	content	87	1	01-Normé	01-Normé	m	s	_
52_CM1	52		CM1	207	122	mignon	ADJ	mignons	mignons	122	1	01-Normé	01-Normé	m	p	_
52_CM1	52		CM1	207	175	content	ADJ	contents	content	175	1	02-Phono	01-Normé	m	p	_
52_CM1	52		CM1	207	178	nouveau	ADJ	nouvelle	nouvelle	178	1	01-Normé	01-Normé	f	s	_
52_CM1	52		CM1	207	187	triste	ADJ	triste	triste	187	1	01-Normé	01-Normé	_	s	_
52_CM1	52		CM1	207	198	grave	ADJ	grave	grave	198	1	01-Normé	01-Normé	_	s	_
52_CM1	52		CM1	207	205	nouveau	ADJ	nouveau	nouveaux	205	1	02-Phono	01-Normé	m	s	_
83_CM1	83		CM1	164	17	méchant	ADJ	méchante	méchante	17	1	01-Normé	01-Normé	f	s	_
83_CM1	83		CM1	164	47	plein	ADJ	plein	plein	47	1	01-Normé	01-Normé	m	s	_
83_CM1	83		CM1	164	91	misérable	ADJ	misérable	misérable	91	1	01-Normé	01-Normé	_	s	_
83_CM1	83		CM1	164	161	beau	ADJ	beau	beau	164	1	01-Normé	01-Normé	m	s	_
3039_CM1	3039		CM1	151	39	méchant	ADJ	méchante	mechant	39	1	04-ApproxGraphique	01-Normé	f	s	_
3039_CM1	3039		CM1	151	59	petit	ADJ	petit	petite	61	1	04-ApproxGraphique	01-Normé	m	s	_
3039_CM1	3039		CM1	151	61	rouge	ADJ	rouge	rouge	63	1	01-Normé	01-Normé	_	s	_
3039_CM1	3039		CM1	151	90	rouge	ADJ	rouge	rouge	94	1	01-Normé	01-Normé	_	s	_
3039_CM1	3039		CM1	151	111	rouge	ADJ	rouge	rouge	116	1	01-Normé	01-Normé	_	s	_
3039_CM1	3039		CM1	151	121	grand	ADJ	grand	grand	126	1	01-Normé	01-Normé	m	s	_
203_CM1	203		CM1	122	14	volant	ADJ	volante	volent	14	1	04-ApproxGraphique	01-Normé	f	s	_
203_CM1	203		CM1	122	121	court	ADJ	court	coure	121	1	02-Phono	01-Normé	m	s	_
1323_CM1	1323		CM1	304	9	beau	ADJ	beau	beau	9	1	01-Normé	01-Normé	m	s	_
1323_CM1	1323		CM1	304	11	grand	ADJ	grand	grand	11	1	01-Normé	01-Normé	m	s	_
1323_CM1	1323		CM1	304	16	vieux	ADJ	vieille	vielle	16	1	04-ApproxGraphique	01-Normé	f	s	_
1323_CM1	1323		CM1	304	47	meilleur	ADJ	meilleure	meilleure	47	1	01-Normé	01-Normé	f	s	_
1323_CM1	1323		CM1	304	57	beau	ADJ	belle	belle	57	1	01-Normé	01-Normé	f	s	_
1323_CM1	1323		CM1	304	116	populaire	ADJ	populaire	populaire	116	1	01-Normé	01-Normé	_	s	_
1323_CM1	1323		CM1	304	147	petit	ADJ	petit	petit	147	1	01-Normé	01-Normé	m	s	_
1323_CM1	1323		CM1	304	150	blanc	ADJ	blanc	blanc	150	1	01-Normé	01-Normé	m	s	_
1323_CM1	1323		CM1	304	153	vert	ADJ	verts	vert	153	1	02-Phono	01-Normé	m	p	_
1323_CM1	1323		CM1	304	177	petit	ADJ	petit	petit	177	1	01-Normé	01-Normé	m	s	_
1323_CM1	1323		CM1	304	205	petit	ADJ	petit	petit	205	1	01-Normé	01-Normé	m	s	_
1323_CM1	1323		CM1	304	222	méchant	ADJ	méchante	méchante	222	1	01-Normé	01-Normé	f	s	_
1323_CM1	1323		CM1	304	237	petit	ADJ	petit	petit	237	1	01-Normé	01-Normé	m	s	_
1323_CM1	1323		CM1	304	272	même	ADJ	même	même	272	1	01-Normé	01-Normé	_	s	_
1345_CM1	1345		CM1	194	62	content	ADJ	contente	content	62	1	04-ApproxGraphique	01-Normé	f	s	_
1345_CM1	1345		CM1	194	93	content	ADJ	contente	contente	93	1	01-Normé	01-Normé	f	s	_
1345_CM1	1345		CM1	194	108	content	ADJ	content	content	108	1	01-Normé	01-Normé	m	s	_
1345_CM1	1345		CM1	194	120	noir	ADJ	noir	noir	120	1	01-Normé	01-Normé	m	s	_
1345_CM1	1345		CM1	194	159	autre	ADJ	autre	autre	159	1	01-Normé	01-Normé	_	s	_
1345_CM1	1345		CM1	194	165	femelle	ADJ	femelle	femmelle	165	1	04-ApproxGraphique	01-Normé	_	s	_
1345_CM1	1345		CM1	194	169	petit	ADJ	petits	petit	169	1	02-Phono	01-Normé	m	p	_
1345_CM1	1345		CM1	194	185	heureux	ADJ	heureuse	heureuse	185	1	01-Normé	01-Normé	f	s	_
1153_CM1	1153		CM1	110	53	méchant	ADJ	méchante	méchante	53	1	01-Normé	01-Normé	f	s	_
1153_CM1	1153		CM1	110	57	juste	ADJ	juste	juste	57	1	01-Normé	01-Normé	_	s	_
1153_CM1	1153		CM1	110	67	seul	ADJ	seule	seul	66	1	02-Phono	01-Normé	f	s	_
1153_CM1	1153		CM1	110	77	bavard	ADJ	bavard	bavard	76	1	01-Normé	01-Normé	m	s	_
864_CM1	864		CM1	46	14	nul	ADJ	nul	nul	14	1	01-Normé	01-Normé	m	s	_
828_CM1	828		CM1	196	40	autre	ADJ	autre	autre	40	1	01-Normé	01-Normé	_	s	_
828_CM1	828		CM1	196	89	autre	ADJ	autre	autre	89	1	01-Normé	01-Normé	_	s	_
828_CM1	828		CM1	196	107	triste	ADJ	triste	triste	107	1	01-Normé	01-Normé	_	s	_
828_CM1	828		CM1	196	122	triste	ADJ	triste	triste	122	1	01-Normé	01-Normé	_	s	_
828_CM1	828		CM1	196	156	content	ADJ	content	content	156	1	01-Normé	01-Normé	m	s	_
587_CM1	587		CM1	87	68	méchant	ADJ	méchant	méchant	59	1	01-Normé	01-Normé	m	s	_
2004_CM1	2004		CM1	272	11	seul	ADJ	seule	seule	11	1	01-Normé	01-Normé	f	s	_
2004_CM1	2004		CM1	272	17	diabolique	ADJ	diabolique	diabolique	17	1	01-Normé	01-Normé	_	s	_
2004_CM1	2004		CM1	272	56	vaillant	ADJ	vaillant	vaillant	56	1	01-Normé	01-Normé	m	s	_
2004_CM1	2004		CM1	272	188	petit	ADJ	petit	petit	189	1	01-Normé	01-Normé	m	s	_
2004_CM1	2004		CM1	272	222	victorieux	ADJ	victorieux	victorieux	223	1	01-Normé	01-Normé	m	_	_
2004_CM1	2004		CM1	272	259	vivant	ADJ	vivants	vivant	260	1	02-Phono	01-Normé	m	p	_
212_CM1	212		CM1	140	8	méchant	ADJ	méchante	méchante	8	1	01-Normé	01-Normé	f	s	_
212_CM1	212		CM1	140	21	grand	ADJ	grand	grand	21	1	01-Normé	01-Normé	m	s	_
212_CM1	212		CM1	140	29	grand	ADJ	grand	grand	29	1	01-Normé	01-Normé	m	s	_
212_CM1	212		CM1	140	31	noir	ADJ	noir	noir	31	1	01-Normé	01-Normé	m	s	_
212_CM1	212		CM1	140	33	gros	ADJ	gros	gros	33	1	01-Normé	01-Normé	m	_	_
212_CM1	212		CM1	140	46	maléfique	ADJ	maléfiques	maléfique	46	1	02-Phono	01-Normé	_	p	_
212_CM1	212		CM1	140	61	jaloux	ADJ	jalouse	jalouse	61	1	01-Normé	01-Normé	f	s	_
212_CM1	212		CM1	140	70	joli	ADJ	jolis	jolis	70	1	01-Normé	01-Normé	m	p	_
212_CM1	212		CM1	140	72	beau	ADJ	beaux	beaux	72	1	01-Normé	01-Normé	m	p	_
212_CM1	212		CM1	140	128	gentil	ADJ	gentille	gentille	128	1	01-Normé	01-Normé	f	s	_
1830_CM1	1830		CM1	216	26	ami	ADJ	amis	amis	26	1	01-Normé	01-Normé	m	p	_
1830_CM1	1830		CM1	216	72	tranquille	ADJ	tranquille	tranquille	72	1	01-Normé	01-Normé	_	s	_
1830_CM1	1830		CM1	216	109	nouveau	ADJ	nouveau	denouveau	108	2	01-Normé	03-HypoSeg	m	s	_
1830_CM1	1830		CM1	216	200	grave	ADJ	grave	grave	197	1	01-Normé	01-Normé	_	s	_
1997_CM1	1997		CM1	156	5	super	ADJ	super	super	5	1	01-Normé	01-Normé	_	s	_
1997_CM1	1997		CM1	156	23	grand	ADJ	grand	grand	23	1	01-Normé	01-Normé	m	s	_
1997_CM1	1997		CM1	156	29	pauvre	ADJ	pauvre	pauvre	29	1	01-Normé	01-Normé	_	s	_
1997_CM1	1997		CM1	156	30	petit	ADJ	petit	petit	30	1	01-Normé	01-Normé	m	s	_
1997_CM1	1997		CM1	156	94	méchant	ADJ	méchant	méchant	94	1	01-Normé	01-Normé	m	s	_
1997_CM1	1997		CM1	156	105	spécial	ADJ	spéciale	spésial	105	1	04-ApproxGraphique	01-Normé	f	s	_
1997_CM1	1997		CM1	156	129	grand	ADJ	grand	grand	129	1	01-Normé	01-Normé	m	s	_
1997_CM1	1997		CM1	156	146	grand	ADJ	grand	grand	146	1	01-Normé	01-Normé	m	s	_
3032_CM1	3032		CM1	250	17	petit	ADJ	petit	petit	17	1	01-Normé	01-Normé	m	s	_
3032_CM1	3032		CM1	250	20	blanc	ADJ	blanc	blanc	20	1	01-Normé	01-Normé	m	s	_
3032_CM1	3032		CM1	250	23	gentil	ADJ	gentil	gentil	23	1	01-Normé	01-Normé	m	s	_
3032_CM1	3032		CM1	250	46	méchant	ADJ	méchante	méchante	46	1	01-Normé	01-Normé	f	s	_
3032_CM1	3032		CM1	250	68	grand	ADJ	grande	grande	68	1	01-Normé	01-Normé	f	s	_
3032_CM1	3032		CM1	250	74	sombre	ADJ	sombre	sonbre	74	1	02-Phono	01-Normé	_	s	_
3032_CM1	3032		CM1	250	191	présent	ADJ	présent	présent	191	1	01-Normé	01-Normé	m	s	_
3032_CM1	3032		CM1	250	215	gentil	ADJ	gentille	gentille	215	1	01-Normé	01-Normé	f	s	_
3032_CM1	3032		CM1	250	237	gai	ADJ	gaie	gair	236	1	04-ApproxGraphique	01-Normé	f	s	_
1924_CM1	1924		CM1	126	7	petit	ADJ	petit	petit	7	1	01-Normé	01-Normé	m	s	_
1924_CM1	1924		CM1	126	17	petit	ADJ	petite	petite	17	1	01-Normé	01-Normé	f	s	_
1924_CM1	1924		CM1	126	21	apeuré	ADJ	apeuré	apeuré	21	1	01-Normé	01-Normé	m	s	_
1924_CM1	1924		CM1	126	56	pauvre	ADJ	pauvre	pauvre	56	1	01-Normé	01-Normé	_	s	_
1924_CM1	1924		CM1	126	57	petit	ADJ	petit	petit	57	1	01-Normé	01-Normé	m	s	_
1924_CM1	1924		CM1	126	85	meilleur	ADJ	meilleurs	meilleurs	85	1	01-Normé	01-Normé	m	p	_
1924_CM1	1924		CM1	126	100	petit	ADJ	petit	petit	100	1	01-Normé	01-Normé	m	s	_
1924_CM1	1924		CM1	126	108	gros	ADJ	gros	gros	108	1	01-Normé	01-Normé	m	_	_
1924_CM1	1924		CM1	126	112	petit	ADJ	petits	petit	112	1	02-Phono	01-Normé	m	p	_
1924_CM1	1924		CM1	126	118	petit	ADJ	petit	petit	118	1	01-Normé	01-Normé	m	s	_
1924_CM1	1924		CM1	126	122	heureux	ADJ	heureux	heureux	122	1	01-Normé	01-Normé	m	_	_
1835_CM1	1835		CM1	129	14	magique	ADJ	magique	magique	14	1	01-Normé	01-Normé	_	s	_
1835_CM1	1835		CM1	129	111	heureux	ADJ	heureuse	heureuse	109	1	01-Normé	01-Normé	f	s	_
1835_CM1	1835		CM1	129	120	heureux	ADJ	heureux	heureux	118	1	01-Normé	01-Normé	m	_	_
937_CM1	937		CM1	206	27	pire	ADJ	pire	pire	27	1	01-Normé	01-Normé	_	s	_
937_CM1	937		CM1	206	138	humain	ADJ	humain	humain	134	1	01-Normé	01-Normé	m	s	_
937_CM1	937		CM1	206	177	rouge	ADJ	rouge	rouge	172	1	01-Normé	01-Normé	_	s	_
937_CM1	937		CM1	206	196	rouge	ADJ	rouge	rouge	191	1	01-Normé	01-Normé	_	s	_
1349_CM1	1349		CM1	176	19	magique	ADJ	magique	magique	19	1	01-Normé	01-Normé	_	s	_
1845_CM1	1845		CM1	116	63	petit	ADJ	petite	petite	63	1	01-Normé	01-Normé	f	s	_
1845_CM1	1845		CM1	116	111	ami	ADJ	amis	ami	111	1	02-Phono	01-Normé	m	p	_
1517_CM1	1517		CM1	263	25	souffrant	ADJ	souffrant	soufrent	25	1	02-Phono	01-Normé	m	s	_
1517_CM1	1517		CM1	263	73	content	ADJ	content	conten	73	1	04-ApproxGraphique	01-Normé	m	s	_
1517_CM1	1517		CM1	263	247	bouillant	ADJ	bouillante	bouillante	247	1	01-Normé	01-Normé	f	s	_
1517_CM1	1517		CM1	263	263	entier	ADJ	entier	entié	263	1	04-ApproxGraphique	01-Normé	m	s	_
3034_CM1	3034		CM1	158	7	gentil	ADJ	gentille	gentill	7	1	04-ApproxGraphique	01-Normé	f	s	_
3034_CM1	3034		CM1	158	24	vide	ADJ	vide	vide	23	1	01-Normé	01-Normé	_	s	_
3034_CM1	3034		CM1	158	27	gentil	ADJ	gentille	gentil	26	1	04-ApproxGraphique	01-Normé	f	s	_
3034_CM1	3034		CM1	158	129	vide	ADJ	vide	vide	127	1	01-Normé	01-Normé	_	s	_
3034_CM1	3034		CM1	158	132	<unknown>	ADJ	gentil	gentil	130	1	01-Normé	01-Normé	m	s	_
3034_CM1	3034		CM1	158	133	<unknown>	ADJ	(	(	131	1	01-Normé	01-Normé	_	_	_
3034_CM1	3034		CM1	158	134	<unknown>	ADJ	le	le	132	1	01-Normé	01-Normé	_	_	_
3034_CM1	3034		CM1	158	135	<unknown>	ADJ	)	)	133	1	01-Normé	01-Normé	_	_	_
3034_CM1	3034		CM1	158	136	<unknown>	ADJ	s		134	1	08-Non pertinent	06-Omis	m	_	_
214_CM1	214		CM1	114	10	beau	ADJ	beau	beau	10	1	01-Normé	01-Normé	m	s	_
214_CM1	214		CM1	114	22	<unknown>	ADJ	XXL	XXL	22	1	01-Normé	01-Normé	_	_	_
214_CM1	214		CM1	114	31	grand	ADJ	grand	grand	31	1	01-Normé	01-Normé	m	s	_
214_CM1	214		CM1	114	33	gentil	ADJ	gentil	gentil	33	1	01-Normé	01-Normé	m	s	_
214_CM1	214		CM1	114	50	malade	ADJ	malade	malade	50	1	01-Normé	01-Normé	_	s	_
214_CM1	214		CM1	114	57	petit	ADJ	petite	petite	57	1	01-Normé	01-Normé	f	s	_
214_CM1	214		CM1	114	108	éternel	ADJ	éternelle	eternel	108	1	04-ApproxGraphique	01-Normé	f	s	_
214_CM1	214		CM1	114	113	ami	ADJ	amis	amis	113	1	01-Normé	01-Normé	m	p	_
940_CM1	940		CM1	72	15	beau	ADJ	beau	beau	15	1	01-Normé	01-Normé	m	s	_
940_CM1	940		CM1	72	46	furieux	ADJ	Furieuse	Furieuse	46	1	01-Normé	01-Normé	f	s	_
1352_CM1	1352		CM1	124	33	gentil	ADJ	gentille	gentil	33	1	04-ApproxGraphique	01-Normé	f	s	_
1352_CM1	1352		CM1	124	85	malade	ADJ	malade	malade	85	1	01-Normé	01-Normé	_	s	_
1352_CM1	1352		CM1	124	90	inquiet	ADJ	inquiet	inquiet	90	1	01-Normé	01-Normé	m	s	_
1352_CM1	1352		CM1	124	120	fier	ADJ	fière	fier	120	1	02-Phono	01-Normé	f	s	_
1352_CM1	1352		CM1	124	127	courageux	ADJ	courageux	courageux	127	1	01-Normé	01-Normé	m	_	_
1866_CM1	1866		CM1	152	4	sombre	ADJ	sombre	sombre	4	1	01-Normé	01-Normé	_	s	_
1866_CM1	1866		CM1	152	23	entier	ADJ	entières	entiaire	23	1	04-ApproxGraphique	01-Normé	f	p	_
1866_CM1	1866		CM1	152	72	autre	ADJ	autres	autres	72	1	01-Normé	01-Normé	_	p	_
1866_CM1	1866		CM1	152	79	intelligent	ADJ	intelligent	inteligens	79	1	04-ApproxGraphique	01-Normé	m	s	_
1829_CM1	1829		CM1	271	54	grave	ADJ	grave	grave	54	1	01-Normé	01-Normé	_	s	_
1829_CM1	1829		CM1	271	58	malfaisant	ADJ	malfaisant	malfesant	58	1	03-Archi	01-Normé	m	s	_
1829_CM1	1829		CM1	271	74	gentil	ADJ	gentil	gentil	74	1	01-Normé	01-Normé	m	s	_
1829_CM1	1829		CM1	271	115	pareil	ADJ	pareille	paraillent	115	1	04-ApproxGraphique	01-Normé	f	s	_
1829_CM1	1829		CM1	271	129	malfaisant	ADJ	malfaisant	malfesant	129	1	03-Archi	01-Normé	m	s	_
1829_CM1	1829		CM1	271	169	autre	ADJ	autres	autre	169	1	03-Archi	01-Normé	_	p	_
1829_CM1	1829		CM1	271	265	autre	ADJ	autre	autre	265	1	01-Normé	01-Normé	_	s	_
688_CM1	688		CM1	223	7	gentil	ADJ	gentil	jentis	7	1	02-Phono	01-Normé	m	s	_
688_CM1	688		CM1	223	66	<unknown>	ADJ	S'		66	1	08-Non pertinent	06-Omis	m	_	_
688_CM1	688		CM1	223	72	humain	ADJ	humain	humain	72	1	01-Normé	01-Normé	m	s	_
688_CM1	688		CM1	223	205	humain	ADJ	humain	humain	205	1	01-Normé	01-Normé	m	s	_
688_CM1	688		CM1	223	216	heureux	ADJ	heureux	heureux	217	1	01-Normé	01-Normé	m	_	_
2985_CM1	2985		CM1	140	10	<unknown>	ADJ	C'	C'	10	1	01-Normé	01-Normé	_	_	_
2985_CM1	2985		CM1	140	20	autre	ADJ	autres	autres	20	1	01-Normé	01-Normé	_	p	_
1665_CM1	1665		CM1	333	9	gentil	ADJ	gentille	gentille	9	1	01-Normé	01-Normé	f	s	_
1665_CM1	1665		CM1	333	47	méchant	ADJ	méchant	méchant	47	1	01-Normé	01-Normé	m	s	_
1665_CM1	1665		CM1	333	59	méchant	ADJ	méchantes	méchantes	59	1	01-Normé	01-Normé	f	p	_
1665_CM1	1665		CM1	333	88	méchant	ADJ	méchantes	méchantes	88	1	01-Normé	01-Normé	f	p	_
1665_CM1	1665		CM1	333	167	bon	ADJ	Bon	Bon	167	1	01-Normé	01-Normé	m	s	_
1665_CM1	1665		CM1	333	327	joyeux	ADJ	joyeux	joyeux	326	1	01-Normé	01-Normé	m	_	_
1959_CM1	1959		CM1	122	16	féroce	ADJ	féroce	férosse	16	1	02-Phono	01-Normé	_	s	_
1959_CM1	1959		CM1	122	41	grand	ADJ	grand	grand	41	1	01-Normé	01-Normé	m	s	_
1959_CM1	1959		CM1	122	62	mignon	ADJ	mignon	minion	62	1	02-Phono	01-Normé	m	s	_
1959_CM1	1959		CM1	122	81	content	ADJ	content	content	81	1	01-Normé	01-Normé	m	s	_
1959_CM1	1959		CM1	122	97	nul	ADJ	nul	nul	97	1	01-Normé	01-Normé	m	s	_
1959_CM1	1959		CM1	122	112	mignon	ADJ	mignon	minion	112	1	02-Phono	01-Normé	m	s	_
1604_CM1	1604		CM1	85	8	drôle	ADJ	drôle	drole	8	1	03-Archi	01-Normé	_	s	_
1604_CM1	1604		CM1	85	36	proche	ADJ	proches	proche	35	1	02-Phono	01-Normé	_	p	_
1604_CM1	1604		CM1	85	67	VRAI	ADJ	VRAI	VRAI	63	1	01-Normé	01-Normé	m	s	_
1604_CM1	1604		CM1	85	77	VRAI	ADJ	VRAI	VRAI	73	1	01-Normé	01-Normé	m	s	_
2003_CM1	2003		CM1	162	48	puissant	ADJ	puissant	puissant	47	1	01-Normé	01-Normé	m	s	_
2003_CM1	2003		CM1	162	112	sanglant	ADJ	sanglant	sanglant	111	1	01-Normé	01-Normé	m	s	_
2003_CM1	2003		CM1	162	138	supérieur	ADJ	supérieur	superieure	137	1	04-ApproxGraphique	01-Normé	m	s	_
2003_CM1	2003		CM1	162	140	autre	ADJ	autres	autre	139	1	04-ApproxGraphique	01-Normé	_	p	_
1347_CM1	1347		CM1	181	8	domestique	ADJ	domestique	domestique	8	1	01-Normé	01-Normé	_	s	_
1347_CM1	1347		CM1	181	66	magique	ADJ	magique	magique	64	1	01-Normé	01-Normé	_	s	_
1347_CM1	1347		CM1	181	95	blanc	ADJ	blanc	blanc	93	1	01-Normé	01-Normé	m	s	_
1347_CM1	1347		CM1	181	109	magique	ADJ	magique	magique	106	1	01-Normé	01-Normé	_	s	_
1347_CM1	1347		CM1	181	121	prêt	ADJ	prête	prête	118	1	01-Normé	01-Normé	f	s	_
1347_CM1	1347		CM1	181	137	transparent	ADJ	transparent	trensparent	134	1	02-Phono	01-Normé	m	s	_
1347_CM1	1347		CM1	181	145	autre	ADJ	autre	autre	142	1	01-Normé	01-Normé	_	s	_
1347_CM1	1347		CM1	181	147	magique	ADJ	magique	magique	144	1	01-Normé	01-Normé	_	s	_
1347_CM1	1347		CM1	181	162	nouveau	ADJ	nouveau	denouvaut	158	2	02-Phono	03-HypoSeg	m	s	_
1347_CM1	1347		CM1	181	171	heureux	ADJ	heureux	heureux	167	1	01-Normé	01-Normé	m	_	_
107_CM1	107		CM1	321	8	vilain	ADJ	vilaine	vilaine	8	1	01-Normé	01-Normé	f	s	_
107_CM1	107		CM1	321	24	laid	ADJ	laide	l'	24	1	02-Phono	02-HyperSeg	f	s	_
107_CM1	107		CM1	321	24	laid	ADJ	laide	aide	25	1	02-Phono	02-HyperSeg	f	s	_
107_CM1	107		CM1	321	34	seul	ADJ	seule	seul	35	1	02-Phono	01-Normé	f	s	_
107_CM1	107		CM1	321	43	noir	ADJ	noir	noir	43	1	01-Normé	01-Normé	m	s	_
107_CM1	107		CM1	321	45	méchant	ADJ	méchant	méchant	45	1	01-Normé	01-Normé	m	s	_
107_CM1	107		CM1	321	53	magique	ADJ	magique	magique	53	1	01-Normé	01-Normé	_	s	_
107_CM1	107		CM1	321	87	blanc	ADJ	Blancs	Blanc	87	1	02-Phono	01-Normé	m	p	_
107_CM1	107		CM1	321	89	noir	ADJ	noirs	noir	89	1	02-Phono	01-Normé	m	p	_
107_CM1	107		CM1	321	91	roux	ADJ	roux	roux	91	1	01-Normé	01-Normé	m	_	_
107_CM1	107		CM1	321	103	noir	ADJ	noirs	noirs	103	1	01-Normé	01-Normé	m	p	_
107_CM1	107		CM1	321	118	petit	ADJ	petit	petit	116	1	01-Normé	01-Normé	m	s	_
107_CM1	107		CM1	321	121	petit	ADJ	petits	petit	119	1	02-Phono	01-Normé	m	p	_
107_CM1	107		CM1	321	151	petit	ADJ	petite	petite	149	1	01-Normé	01-Normé	f	s	_
107_CM1	107		CM1	321	178	libre	ADJ	libre	libre	176	1	01-Normé	01-Normé	_	s	_
107_CM1	107		CM1	321	183	démoniaque	ADJ	démoniaque	demoniaque	181	1	04-ApproxGraphique	01-Normé	_	s	_
107_CM1	107		CM1	321	216	volant	ADJ	volantes	volantes	214	1	01-Normé	01-Normé	f	p	_
107_CM1	107		CM1	321	229	diabolique	ADJ	diaboliques	diaboliques	227	1	01-Normé	01-Normé	_	p	_
107_CM1	107		CM1	321	236	noir	ADJ	noir	noir	234	1	01-Normé	01-Normé	m	s	_
107_CM1	107		CM1	321	242	préféré	ADJ	préféré	préférér	240	1	04-ApproxGraphique	01-Normé	m	s	_
107_CM1	107		CM1	321	277	grand	ADJ	grand	grand	275	1	01-Normé	01-Normé	m	s	_
107_CM1	107		CM1	321	290	seul	ADJ	seule	seul	287	1	02-Phono	01-Normé	f	s	_
107_CM1	107		CM1	321	304	drôle	ADJ	drôle	drôle	302	1	01-Normé	01-Normé	_	s	_
107_CM1	107		CM1	321	308	gentil	ADJ	gentil	gentille	306	1	04-ApproxGraphique	01-Normé	m	s	_
107_CM1	107		CM1	321	313	diabolique	ADJ	diabolique	diabolique	311	1	01-Normé	01-Normé	_	s	_
978_CM1	978		CM1	98	11	seul	ADJ	seul	seul	11	1	01-Normé	01-Normé	m	s	_
978_CM1	978		CM1	98	54	adulte	ADJ	adulte	adulte	53	1	01-Normé	01-Normé	_	s	_
207_CM1	207		CM1	127	11	noir	ADJ	noir	noir	11	1	01-Normé	01-Normé	m	s	_
207_CM1	207		CM1	127	17	hanté	ADJ	hantée	entai	17	1	03-Archi	01-Normé	f	s	_
207_CM1	207		CM1	127	34	noir	ADJ	noirs	noir	34	1	02-Phono	01-Normé	m	p	_
207_CM1	207		CM1	127	43	plein	ADJ	plein	plein	43	1	01-Normé	01-Normé	m	s	_
207_CM1	207		CM1	127	90	normal	ADJ	normale		90	1	08-Non pertinent	06-Omis	f	s	_
207_CM1	207		CM1	127	98	gris	ADJ	gris	gris	98	1	01-Normé	01-Normé	m	_	_
207_CM1	207		CM1	127	100	marron	ADJ	marron	marron	100	1	01-Normé	01-Normé	m	s	_
207_CM1	207		CM1	127	108	magique	ADJ	magique	magique	108	1	01-Normé	01-Normé	_	s	_
207_CM1	207		CM1	127	116	magique	ADJ	magiques	magique	116	1	02-Phono	01-Normé	_	p	_
207_CM1	207		CM1	127	123	heureux	ADJ	heureuse	erreuse	123	1	04-ApproxGraphique	01-Normé	f	s	_
207_CM1	207		CM1	127	127	tigré	ADJ	tigré	tigrés	127	1	02-Phono	01-Normé	m	s	_
677_CM1	677		CM1	320	12	vieux	ADJ	vieille	vieille	12	1	01-Normé	01-Normé	f	s	_
677_CM1	677		CM1	320	54	risqué	ADJ	risqué	risqué	55	1	01-Normé	01-Normé	m	s	_
677_CM1	677		CM1	320	108	petit	ADJ	petit	petit	110	1	01-Normé	01-Normé	m	s	_
677_CM1	677		CM1	320	131	petit	ADJ	petit	petit	134	1	01-Normé	01-Normé	m	s	_
677_CM1	677		CM1	320	207	malheureux	ADJ	malheureux	mal	210	1	04-ApproxGraphique	02-HyperSeg	m	_	_
677_CM1	677		CM1	320	207	malheureux	ADJ	malheureux	-	211	1	04-ApproxGraphique	02-HyperSeg	m	_	_
677_CM1	677		CM1	320	207	malheureux	ADJ	malheureux	eureux	212	1	04-ApproxGraphique	02-HyperSeg	m	_	_
677_CM1	677		CM1	320	314	gentil	ADJ	gentille	gentil	319	1	04-ApproxGraphique	01-Normé	f	s	_
2530_CM1	2530		CM1	140	27	grand	ADJ	grand	grand	27	1	01-Normé	01-Normé	m	s	_
2530_CM1	2530		CM1	140	29	bleu	ADJ	bleu	bleu	29	1	01-Normé	01-Normé	m	s	_
2530_CM1	2530		CM1	140	31	rouge	ADJ	rouge	rouge	31	1	01-Normé	01-Normé	_	s	_
2530_CM1	2530		CM1	140	111	plein	ADJ	pleine	pleine	111	1	01-Normé	01-Normé	f	s	_
1169_CM1	1169		CM1	124	4	grand	ADJ	grande	grande	4	1	01-Normé	01-Normé	f	s	_
1169_CM1	1169		CM1	124	13	joli	ADJ	joli	jolie	13	1	02-Phono	01-Normé	m	s	_
1169_CM1	1169		CM1	124	16	paisible	ADJ	paisible	péssible	16	1	04-ApproxGraphique	01-Normé	_	s	_
1169_CM1	1169		CM1	124	36	grand	ADJ	grande	grande	36	1	01-Normé	01-Normé	f	s	_
1169_CM1	1169		CM1	124	97	grand	ADJ	grande	grande	97	1	01-Normé	01-Normé	f	s	_
1169_CM1	1169		CM1	124	109	fort	ADJ	forte	forte	109	1	01-Normé	01-Normé	f	s	_
93_CM1	93		CM1	262	34	dernier	ADJ	dernier	denier	35	1	04-ApproxGraphique	01-Normé	m	s	_
93_CM1	93		CM1	262	43	introuvable	ADJ	introuvable	untrouvable	44	1	04-ApproxGraphique	01-Normé	_	s	_
93_CM1	93		CM1	262	108	bon	ADJ	bonnes	bonne	109	1	02-Phono	01-Normé	f	p	_
93_CM1	93		CM1	262	109	nouveau	ADJ	nouvelles	nouvele	110	1	04-ApproxGraphique	01-Normé	f	p	_
93_CM1	93		CM1	262	142	nord	ADJ	nord	nord	143	1	01-Normé	01-Normé	_	_	_
93_CM1	93		CM1	262	179	même	ADJ	même	même	178	1	01-Normé	01-Normé	_	s	_
93_CM1	93		CM1	262	200	même	ADJ	même	même	198	1	01-Normé	01-Normé	_	s	_
93_CM1	93		CM1	262	217	content	ADJ	contente	contente	215	1	01-Normé	01-Normé	f	s	_
1161_CM1	1161		CM1	236	12	gentil	ADJ	gentille	gentille	12	1	01-Normé	01-Normé	f	s	_
1161_CM1	1161		CM1	236	15	câlin	ADJ	câline	caline	15	1	02-Phono	01-Normé	f	s	_
1161_CM1	1161		CM1	236	168	bon	ADJ	bon	bon	164	1	01-Normé	01-Normé	m	s	_
1161_CM1	1161		CM1	236	186	meilleur	ADJ	meilleurs	meilleurs	182	1	01-Normé	01-Normé	m	p	_
1538_CM1	1538		CM1	207	51	curieux	ADJ	curieuse	curieuse	51	1	01-Normé	01-Normé	f	s	_
1538_CM1	1538		CM1	207	110	bizarre	ADJ	bizarre	bizzare	110	1	02-Phono	01-Normé	_	s	_
1538_CM1	1538		CM1	207	141	monstre	ADJ	monstre	monstre	141	1	01-Normé	01-Normé	_	s	_
1538_CM1	1538		CM1	207	151	cool	ADJ	Cool	Cool	151	1	01-Normé	01-Normé	_	s	_
1538_CM1	1538		CM1	207	205	heureux	ADJ	heureux	heureux	205	1	01-Normé	01-Normé	m	_	_
2942_CM1	2942		CM1	181	120	secret	ADJ	secret	skrait	118	1	05-ApproxPhono	01-Normé	m	s	_
2942_CM1	2942		CM1	181	143	gentil	ADJ	gentille	jontille	140	1	04-ApproxGraphique	01-Normé	f	s	_
1197_CM1	1197		CM1	219	17	poilu	ADJ	poilu	poilut	17	1	02-Phono	01-Normé	m	s	_
1197_CM1	1197		CM1	219	65	magique	ADJ	magique	magique	65	1	01-Normé	01-Normé	_	s	_
1197_CM1	1197		CM1	219	88	magique	ADJ	magique	magique	88	1	01-Normé	01-Normé	_	s	_
1197_CM1	1197		CM1	219	121	magique	ADJ	magiques	magique	121	1	02-Phono	01-Normé	_	p	_
1197_CM1	1197		CM1	219	144	bon	ADJ	bon	bon	146	1	01-Normé	01-Normé	m	s	_
1197_CM1	1197		CM1	219	170	magique	ADJ	magiques	magique	171	1	02-Phono	01-Normé	_	p	_
1981_CM1	1981		CM1	364	163	sale	ADJ	sale	salgamin	161	1	02-Phono	03-HypoSeg	_	s	_
1981_CM1	1981		CM1	364	164	gamin	ADJ	gamin	salgamin	161	2	02-Phono	03-HypoSeg	m	s	_
1981_CM1	1981		CM1	364	176	gros	ADJ	gros	gros	173	1	01-Normé	01-Normé	m	_	_
1981_CM1	1981		CM1	364	183	gros	ADJ	gros	gros	180	1	01-Normé	01-Normé	m	_	_
1981_CM1	1981		CM1	364	214	sale	ADJ	sale	salle	212	1	02-Phono	01-Normé	_	s	_
1981_CM1	1981		CM1	364	215	gros	ADJ	gros	gros	213	1	01-Normé	01-Normé	m	_	_
1981_CM1	1981		CM1	364	233	gros	ADJ	gros	gros	231	1	01-Normé	01-Normé	m	_	_
1981_CM1	1981		CM1	364	252	marocain	ADJ	marocaine	marocaine	250	1	01-Normé	01-Normé	f	s	_
1981_CM1	1981		CM1	364	258	gros	ADJ	gros	gros	257	1	01-Normé	01-Normé	m	_	_
1981_CM1	1981		CM1	364	267	gros	ADJ	gros	gros	266	1	01-Normé	01-Normé	m	_	_
1981_CM1	1981		CM1	364	278	gros	ADJ	gros	gros	278	1	01-Normé	01-Normé	m	_	_
1981_CM1	1981		CM1	364	281	gros	ADJ	gros	gros	281	1	01-Normé	01-Normé	m	_	_
1981_CM1	1981		CM1	364	293	gros	ADJ	gros	gros	294	1	01-Normé	01-Normé	m	_	_
1981_CM1	1981		CM1	364	310	intelligent	ADJ	intelligent	intelligent	311	1	01-Normé	01-Normé	m	s	_
1981_CM1	1981		CM1	364	319	gros	ADJ	gros	gros	320	1	01-Normé	01-Normé	m	_	_
1981_CM1	1981		CM1	364	326	sale	ADJ	sale	salle	327	1	02-Phono	01-Normé	_	s	_
1981_CM1	1981		CM1	364	342	gros	ADJ	gros	gros	343	1	01-Normé	01-Normé	m	_	_
1981_CM1	1981		CM1	364	346	gros	ADJ	gros	gros	347	1	01-Normé	01-Normé	m	_	_
1981_CM1	1981		CM1	364	357	gros	ADJ	gros	gros	358	1	01-Normé	01-Normé	m	_	_
1332_CM1	1332		CM1	207	15	méchant	ADJ	méchante	mechante	15	1	04-ApproxGraphique	01-Normé	f	s	_
1332_CM1	1332		CM1	207	21	beau	ADJ	belle	belle	21	1	01-Normé	01-Normé	f	s	_
1332_CM1	1332		CM1	207	31	fort	ADJ	fort	fort	31	1	01-Normé	01-Normé	m	s	_
1332_CM1	1332		CM1	207	160	VRAI	ADJ	VRAI	VRAI	160	1	01-Normé	01-Normé	m	s	_
1332_CM1	1332		CM1	207	171	juste	ADJ	juste	juste	171	1	01-Normé	01-Normé	_	s	_
1332_CM1	1332		CM1	207	187	juste	ADJ	Juste	Juste	187	1	01-Normé	01-Normé	_	s	_
1332_CM1	1332		CM1	207	203	gentil	ADJ	gentille	gentil	203	1	04-ApproxGraphique	01-Normé	f	s	_
3056_CM1	3056		CM1	104	33	bon	ADJ	bon	bon	33	1	01-Normé	01-Normé	m	s	_
3056_CM1	3056		CM1	104	59	sec	ADJ	sec	sec	59	1	01-Normé	01-Normé	m	s	_
771_CM1	771		CM1	117	7	vieux	ADJ	vieille	vieille	7	1	01-Normé	01-Normé	f	s	_
771_CM1	771		CM1	117	54	mince	ADJ	mince	minsse	54	1	02-Phono	01-Normé	_	s	_
771_CM1	771		CM1	117	113	autre	ADJ	autre	lautre	112	2	02-Phono	03-HypoSeg	_	s	_
217_CM1	217		CM1	56	8	meilleur	ADJ	meilleurs	meileurs	8	1	04-ApproxGraphique	01-Normé	m	p	_
1173_CM1	1173		CM1	68	45	fameux	ADJ	fameuse	fameuse	45	1	01-Normé	01-Normé	f	s	_
2704_CM1	2704		CM1	200	62	meilleur	ADJ	meilleure	meilleur	60	1	02-Phono	01-Normé	f	s	_
2704_CM1	2704		CM1	200	69	courageux	ADJ	courageuse	courageuse	67	1	01-Normé	01-Normé	f	s	_
2704_CM1	2704		CM1	200	71	autre	ADJ	autre	autre	69	1	01-Normé	01-Normé	_	s	_
2704_CM1	2704		CM1	200	85	courageux	ADJ	courageuse	courageuse	83	1	01-Normé	01-Normé	f	s	_
2704_CM1	2704		CM1	200	94	autre	ADJ	autre	autre	92	1	01-Normé	01-Normé	_	s	_
2704_CM1	2704		CM1	200	109	<unknown>	ADJ	dà	dacoter	108	1	05-ApproxPhono	03-HypoSeg	_	_	_
2704_CM1	2704		CM1	200	141	gros	ADJ	gros	gros	139	1	01-Normé	01-Normé	m	_	_
1111_CM1	1111		CM1	354	21	dur	ADJ	dur	dur	21	1	01-Normé	01-Normé	m	s	_
1111_CM1	1111		CM1	354	57	super	ADJ	super	super	59	1	01-Normé	01-Normé	_	s	_
1111_CM1	1111		CM1	354	58	travailleur	ADJ	travailleur	travailleur	60	1	01-Normé	01-Normé	m	s	_
1111_CM1	1111		CM1	354	93	super	ADJ	super	super	94	1	01-Normé	01-Normé	_	s	_
1111_CM1	1111		CM1	354	94	travailleur	ADJ	travailleur	travailleur	95	1	01-Normé	01-Normé	m	s	_
1111_CM1	1111		CM1	354	111	juste	ADJ	juste	juste	111	1	01-Normé	01-Normé	_	s	_
1111_CM1	1111		CM1	354	151	mini	ADJ	mini	mini	151	1	01-Normé	01-Normé	_	s	_
1111_CM1	1111		CM1	354	225	mignon	ADJ	mignon	mignon	224	1	01-Normé	01-Normé	m	s	_
1111_CM1	1111		CM1	354	226	juste	ADJ	juste	juste	225	1	01-Normé	01-Normé	_	s	_
1111_CM1	1111		CM1	354	241	petit	ADJ	petit	petit	240	1	01-Normé	01-Normé	m	s	_
1111_CM1	1111		CM1	354	336	fin	ADJ	fin	fin	335	1	01-Normé	01-Normé	m	s	_
1111_CM1	1111		CM1	354	356	national	ADJ	nationaux	nationale	354	1	04-ApproxGraphique	01-Normé	m	p	_
1353_CM1	1353		CM1	119	20	beau	ADJ	belle	belle	20	1	01-Normé	01-Normé	f	s	_
1353_CM1	1353		CM1	119	22	bleu	ADJ	bleue	bleu	22	1	02-Phono	01-Normé	f	s	_
1353_CM1	1353		CM1	119	30	ami	ADJ	ami	ami	30	1	01-Normé	01-Normé	m	s	_
1353_CM1	1353		CM1	119	98	sain	ADJ	sain	sain	98	1	01-Normé	01-Normé	m	s	_
1353_CM1	1353		CM1	119	100	sauf	ADJ	sauf	sauf	100	1	01-Normé	01-Normé	m	s	_
1682_CM1	1682		CM1	193	11	<unknown>	ADJ	Cookie	Cookie	11	1	01-Normé	01-Normé	m	s	_
1682_CM1	1682		CM1	193	35	félin	ADJ	félins	felins	35	1	04-ApproxGraphique	01-Normé	m	p	_
1682_CM1	1682		CM1	193	94	magique	ADJ	magique	magique	95	1	01-Normé	01-Normé	_	s	_
1682_CM1	1682		CM1	193	105	magique	ADJ	magique	magique	106	1	01-Normé	01-Normé	_	s	_
1229_CM1	1229		CM1	132	7	méchant	ADJ	méchante	méchante	7	1	01-Normé	01-Normé	f	s	_
1229_CM1	1229		CM1	132	55	méchant	ADJ	méchant	méchant	55	1	01-Normé	01-Normé	m	s	_
1229_CM1	1229		CM1	132	79	gentil	ADJ	gentil	gentil	79	1	01-Normé	01-Normé	m	s	_
1229_CM1	1229		CM1	132	80	petit	ADJ	petit	petits	80	1	02-Phono	01-Normé	m	s	_
1229_CM1	1229		CM1	132	83	mignon	ADJ	mignon	mignon	83	1	01-Normé	01-Normé	m	s	_
1229_CM1	1229		CM1	132	99	vivant	ADJ	vivants	vivant	99	1	02-Phono	01-Normé	m	p	_
1229_CM1	1229		CM1	132	100	gentil	ADJ	gentils	gentil	100	1	02-Phono	01-Normé	m	p	_
1229_CM1	1229		CM1	132	121	gentil	ADJ	gentille	gentille	121	1	01-Normé	01-Normé	f	s	_
1229_CM1	1229		CM1	132	127	meilleur	ADJ	meilleur	meilleur	127	1	01-Normé	01-Normé	m	s	_
1993_CM1	1993		CM1	139	7	<unknown>	ADJ	/		7	1	08-Non pertinent	06-Omis	_	_	_
1993_CM1	1993		CM1	139	8	<unknown>	ADJ	/		8	1	08-Non pertinent	06-Omis	_	_	_
1993_CM1	1993		CM1	139	29	beau	ADJ	beau	beau	29	1	01-Normé	01-Normé	m	s	_
1993_CM1	1993		CM1	139	31	blanc	ADJ	blanc	blanc	31	1	01-Normé	01-Normé	m	s	_
1993_CM1	1993		CM1	139	39	beau	ADJ	beau	beau	39	1	01-Normé	01-Normé	m	s	_
1993_CM1	1993		CM1	139	41	<unknown>	ADJ	Lulu	Lulu	41	1	01-Normé	01-Normé	m	s	_
1993_CM1	1993		CM1	139	51	intelligent	ADJ	intelligent	inteligent	51	1	04-ApproxGraphique	01-Normé	m	s	_
53_CM1	53		CM1	173	7	nouveau	ADJ	nouveau	nouveau	7	1	01-Normé	01-Normé	m	s	_
53_CM1	53		CM1	173	24	vieux	ADJ	vieille	vieille	24	1	01-Normé	01-Normé	f	s	_
53_CM1	53		CM1	173	53	magique	ADJ	magiques	magique	53	1	02-Phono	01-Normé	_	p	_
53_CM1	53		CM1	173	65	moche	ADJ	moche	moche	65	1	01-Normé	01-Normé	_	s	_
53_CM1	53		CM1	173	138	grave	ADJ	grave	grave	138	1	01-Normé	01-Normé	_	s	_
1669_CM1	1669		CM1	72	11	méchant	ADJ	méchant	méchant	11	1	01-Normé	01-Normé	m	s	_
1996_CM1	1996		CM1	101	74	seul	ADJ	seule	seul	74	1	02-Phono	01-Normé	f	s	_
1984_CM1	1984		CM1	194	65	bizarre	ADJ	bizarre	bizare	65	1	02-Phono	01-Normé	_	s	_
1984_CM1	1984		CM1	194	70	gentil	ADJ	gentille	gentille	70	1	01-Normé	01-Normé	f	s	_
1984_CM1	1984		CM1	194	78	méchant	ADJ	méchantes	méchante	78	1	02-Phono	01-Normé	f	p	_
1984_CM1	1984		CM1	194	133	beau	ADJ	beau	beau	131	1	01-Normé	01-Normé	m	s	_
1973_CM1	1973		CM1	176	12	gentil	ADJ	gentille	jentil	12	1	04-ApproxGraphique	01-Normé	f	s	_
1973_CM1	1973		CM1	176	13	petit	ADJ	petite	petite	13	1	01-Normé	01-Normé	f	s	_
1973_CM1	1973		CM1	176	17	beau	ADJ	belle	belle	17	1	01-Normé	01-Normé	f	s	_
1973_CM1	1973		CM1	176	62	petit	ADJ	petite	petite	62	1	01-Normé	01-Normé	f	s	_
1973_CM1	1973		CM1	176	81	VRAI	ADJ	VRAI	VRAI	80	1	01-Normé	01-Normé	m	s	_
1973_CM1	1973		CM1	176	113	méchant	ADJ	méchante	méchante	112	1	01-Normé	01-Normé	f	s	_
199_CM1	199		CM1	163	13	<unknown>	ADJ	C'	C'	13	1	01-Normé	01-Normé	_	_	_
199_CM1	199		CM1	163	24	petit	ADJ	petite	petite	24	1	01-Normé	01-Normé	f	s	_
199_CM1	199		CM1	163	68	méchant	ADJ	méchant	méchant	67	1	01-Normé	01-Normé	m	s	_
199_CM1	199		CM1	163	87	méchant	ADJ	méchant	méchant	85	1	01-Normé	01-Normé	m	s	_
199_CM1	199		CM1	163	100	juste	ADJ	juste	juste	97	1	01-Normé	01-Normé	_	s	_
398_CM1	398		CM1	338	28	gentil	ADJ	gentil	gentil	28	1	01-Normé	01-Normé	m	s	_
398_CM1	398		CM1	338	39	ouvert	ADJ	ouverte	ouverte	39	1	01-Normé	01-Normé	f	s	_
398_CM1	398		CM1	338	62	sombre	ADJ	sombre	sombre	62	1	01-Normé	01-Normé	_	s	_
398_CM1	398		CM1	338	96	jaune	ADJ	jaunes	jaunes	96	1	01-Normé	01-Normé	_	p	_
398_CM1	398		CM1	338	107	petit	ADJ	petites	petites	107	1	01-Normé	01-Normé	f	p	_
398_CM1	398		CM1	338	116	petit	ADJ	petites	petites	116	1	01-Normé	01-Normé	f	p	_
398_CM1	398		CM1	338	166	rouge	ADJ	rouges	rouge	166	1	02-Phono	01-Normé	_	p	_
398_CM1	398		CM1	338	203	plein	ADJ	plein	pleins	203	1	02-Phono	01-Normé	m	s	_
398_CM1	398		CM1	338	206	rouge	ADJ	rouges	rouges	206	1	01-Normé	01-Normé	_	p	_
398_CM1	398		CM1	338	298	petit	ADJ	petite	petite	298	1	01-Normé	01-Normé	f	s	_
1341_CM1	1341		CM1	99	93	stupide	ADJ	stupide	stupide	93	1	01-Normé	01-Normé	_	s	_
213_CM1	213		CM1	131	17	<unknown>	ADJ	-	.	17	1	02-Phono	01-Normé	_	_	_
213_CM1	213		CM1	131	18	<unknown>	ADJ	Banc		18	1	08-Non pertinent	06-Omis	m	s	_
213_CM1	213		CM1	131	41	rouge	ADJ	rouge	rouge	41	1	01-Normé	01-Normé	_	s	_
213_CM1	213		CM1	131	47	argenté	ADJ	argentées	argenter	47	1	02-Phono	01-Normé	f	p	_
213_CM1	213		CM1	131	107	nommé	ADJ	nommé	nomer	108	1	02-Phono	01-Normé	m	s	_
3046_CM1	3046		CM1	157	4	petit	ADJ	petit	petit	4	1	01-Normé	01-Normé	m	s	_
3046_CM1	3046		CM1	157	32	petit	ADJ	petit	petit	32	1	01-Normé	01-Normé	m	s	_
3046_CM1	3046		CM1	157	33	dernier	ADJ	dernier	dernier	33	1	01-Normé	01-Normé	m	s	_
3046_CM1	3046		CM1	157	49	jaloux	ADJ	jaloux	jalou	49	1	02-Phono	01-Normé	m	_	_
3046_CM1	3046		CM1	157	117	triste	ADJ	triste	triste	117	1	01-Normé	01-Normé	_	s	_
3046_CM1	3046		CM1	157	139	autre	ADJ	autres	autres	140	1	01-Normé	01-Normé	_	p	_
3046_CM1	3046		CM1	157	149	heureux	ADJ	heureux	heureux	150	1	01-Normé	01-Normé	m	_	_
1560_CM1	1560		CM1	208	14	sale	ADJ	sale	sale	14	1	01-Normé	01-Normé	_	s	_
1560_CM1	1560		CM1	208	21	sombre	ADJ	sombre	sombre	21	1	01-Normé	01-Normé	_	s	_
1560_CM1	1560		CM1	208	30	noir	ADJ	noir	noir	30	1	01-Normé	01-Normé	m	s	_
1560_CM1	1560		CM1	208	38	méchant	ADJ	méchantes	méchants	38	1	04-ApproxGraphique	01-Normé	f	p	_
1560_CM1	1560		CM1	208	40	cruel	ADJ	cruelles	cruel	40	1	02-Phono	01-Normé	f	p	_
1560_CM1	1560		CM1	208	49	gentil	ADJ	gentilles	gentils	49	1	04-ApproxGraphique	01-Normé	f	p	_
1560_CM1	1560		CM1	208	75	plaintif	ADJ	plaintifs	plaintif	75	1	02-Phono	01-Normé	m	p	_
1560_CM1	1560		CM1	208	79	faible	ADJ	faibles	faible	79	1	02-Phono	01-Normé	_	p	_
1560_CM1	1560		CM1	208	86	bon	ADJ	bonne	bonne	86	1	01-Normé	01-Normé	f	s	_
1560_CM1	1560		CM1	208	126	bon	ADJ	bon	bon	126	1	01-Normé	01-Normé	m	s	_
1560_CM1	1560		CM1	208	157	méchant	ADJ	méchant	méchant	157	1	01-Normé	01-Normé	m	s	_
1560_CM1	1560		CM1	208	169	autre	ADJ	autre	autre	169	1	01-Normé	01-Normé	_	s	_
1560_CM1	1560		CM1	208	186	tue-mouche	ADJ	tue		186	1	08-Non pertinent	06-Omis	_	s	_
1560_CM1	1560		CM1	208	187	tue-mouche	ADJ	-	-	187	1	01-Normé	01-Normé	_	s	_
1560_CM1	1560		CM1	208	189	tue-mouche	ADJ	mouches	mouche	189	1	02-Phono	01-Normé	_	s	_
1560_CM1	1560		CM1	208	207	ami	ADJ	amis	amis	207	1	01-Normé	01-Normé	m	p	_
690_CM1	690		CM1	230	5	diabolique	ADJ	diabolique	diabolique	5	1	01-Normé	01-Normé	_	s	_
690_CM1	690		CM1	230	14	étrange	ADJ	étrange	étrange	14	1	01-Normé	01-Normé	_	s	_
690_CM1	690		CM1	230	24	sûr	ADJ	sûr	biensûr	23	2	01-Normé	03-HypoSeg	m	s	_
690_CM1	690		CM1	230	39	scientifique	ADJ	scientifique	scien~	38	1	04-ApproxGraphique	02-HyperSeg	_	s	_
690_CM1	690		CM1	230	39	scientifique	ADJ	scientifique	-	39	1	04-ApproxGraphique	02-HyperSeg	_	s	_
690_CM1	690		CM1	230	39	scientifique	ADJ	scientifique	tifique	40	1	04-ApproxGraphique	02-HyperSeg	_	s	_
690_CM1	690		CM1	230	43	diabolique	ADJ	diabolique	diabolique	44	1	01-Normé	01-Normé	_	s	_
690_CM1	690		CM1	230	63	pire	ADJ	pire	pire	64	1	01-Normé	01-Normé	_	s	_
690_CM1	690		CM1	230	72	diabolique	ADJ	diabolique	diabolique	73	1	01-Normé	01-Normé	_	s	_
690_CM1	690		CM1	230	86	magique	ADJ	magiques	magique	88	1	02-Phono	01-Normé	_	p	_
690_CM1	690		CM1	230	89	diabolique	ADJ	diaboliques	diabolique	91	1	02-Phono	01-Normé	_	p	_
690_CM1	690		CM1	230	100	noir	ADJ	noire	noir	102	1	02-Phono	01-Normé	f	s	_
690_CM1	690		CM1	230	104	noir	ADJ	noir	noir	106	1	01-Normé	01-Normé	m	s	_
690_CM1	690		CM1	230	117	gros	ADJ	grosse	grosse	119	1	01-Normé	01-Normé	f	s	_
690_CM1	690		CM1	230	135	gros	ADJ	gros	gros	137	1	01-Normé	01-Normé	m	_	_
690_CM1	690		CM1	230	156	drôle	ADJ	drôle	drolle	158	1	03-Archi	01-Normé	_	s	_
690_CM1	690		CM1	230	165	pauvre	ADJ	pauvres	pauvres	167	1	01-Normé	01-Normé	_	p	_
690_CM1	690		CM1	230	171	même	ADJ	même	même	173	1	01-Normé	01-Normé	_	s	_
690_CM1	690		CM1	230	175	affreux	ADJ	affreuse	avreuse	177	1	04-ApproxGraphique	01-Normé	f	s	_
690_CM1	690		CM1	230	177	diabolique	ADJ	diabolique	diabolique	179	1	01-Normé	01-Normé	_	s	_
690_CM1	690		CM1	230	207	nouveau	ADJ	nouvelle	nouvelle	209	1	01-Normé	01-Normé	f	s	_
690_CM1	690		CM1	230	209	magique	ADJ	magique	magique	211	1	01-Normé	01-Normé	_	s	_
690_CM1	690		CM1	230	229	mal	ADJ	MAL	MAL	231	1	01-Normé	01-Normé	m	s	_
1554_CM1	1554		CM1	232	12	disco	ADJ	disco	disco	11	1	01-Normé	01-Normé	_	s	_
1554_CM1	1554		CM1	232	24	grand	ADJ	grande	grande	23	1	01-Normé	01-Normé	f	s	_
1554_CM1	1554		CM1	232	46	disco	ADJ	disco	disco	44	1	01-Normé	01-Normé	_	s	_
1554_CM1	1554		CM1	232	68	surpris	ADJ	surprise	suprise	65	1	04-ApproxGraphique	01-Normé	f	s	_
1554_CM1	1554		CM1	232	82	meilleur	ADJ	meilleur	melleur	78	1	04-ApproxGraphique	01-Normé	m	s	_
1554_CM1	1554		CM1	232	97	intelligent	ADJ	intelligent	intéligent	86	1	04-ApproxGraphique	01-Normé	m	s	_
1554_CM1	1554		CM1	232	108	disco	ADJ	disco	disco	97	1	01-Normé	01-Normé	_	s	_
1554_CM1	1554		CM1	232	115	disco	ADJ	disco	disco	104	1	01-Normé	01-Normé	_	s	_
1554_CM1	1554		CM1	232	126	disco	ADJ	disco	disco	113	1	01-Normé	01-Normé	_	s	_
1554_CM1	1554		CM1	232	149	gros	ADJ	gros	gros	134	1	01-Normé	01-Normé	m	_	_
1554_CM1	1554		CM1	232	157	doux	ADJ	douce	douse	142	1	04-ApproxGraphique	01-Normé	f	s	_
1554_CM1	1554		CM1	232	167	disco	ADJ	disco	disco	152	1	01-Normé	01-Normé	_	s	_
1554_CM1	1554		CM1	232	212	bon	ADJ	bon	bone	197	1	04-ApproxGraphique	01-Normé	m	s	_
2439_CM1	2439		CM1	321	15	gentil	ADJ	gentil	gentil	15	1	01-Normé	01-Normé	m	s	_
2439_CM1	2439		CM1	321	26	méchant	ADJ	méchant	méchant	26	1	01-Normé	01-Normé	m	s	_
2439_CM1	2439		CM1	321	33	triste	ADJ	triste	triste	33	1	01-Normé	01-Normé	_	s	_
2439_CM1	2439		CM1	321	59	méchant	ADJ	méchant	méchant	59	1	01-Normé	01-Normé	m	s	_
2439_CM1	2439		CM1	321	87	méchant	ADJ	méchant	méchant	87	1	01-Normé	01-Normé	m	s	_
2439_CM1	2439		CM1	321	155	seul	ADJ	seul	seul	155	1	01-Normé	01-Normé	m	s	_
2439_CM1	2439		CM1	321	184	chaud	ADJ	chaud	chaud	184	1	01-Normé	01-Normé	m	s	_
2439_CM1	2439		CM1	321	220	content	ADJ	content	contant	220	1	02-Phono	01-Normé	m	s	_
2439_CM1	2439		CM1	321	234	autre	ADJ	autres	hautres	234	1	04-ApproxGraphique	01-Normé	_	p	_
2439_CM1	2439		CM1	321	287	content	ADJ	content	contant	287	1	02-Phono	01-Normé	m	s	_
2980_CM1	2980		CM1	286	31	petit	ADJ	petite	petite	31	1	01-Normé	01-Normé	f	s	_
2980_CM1	2980		CM1	286	86	juste	ADJ	juste	juste	86	1	01-Normé	01-Normé	_	s	_
2980_CM1	2980		CM1	286	126	petit	ADJ	petite	petite	126	1	01-Normé	01-Normé	f	s	_
2980_CM1	2980		CM1	286	137	petit	ADJ	petite	petite	137	1	01-Normé	01-Normé	f	s	_
2980_CM1	2980		CM1	286	142	<unknown>	ADJ	-	-	142	1	01-Normé	01-Normé	_	_	_
2980_CM1	2980		CM1	286	143	<unknown>	ADJ	C	C'	143	1	02-Phono	01-Normé	m	_	_
2980_CM1	2980		CM1	286	144	<unknown>	ADJ	'		144	1	08-Non pertinent	06-Omis	_	_	_
2980_CM1	2980		CM1	286	145	<unknown>	ADJ	est	est	145	1	01-Normé	01-Normé	_	_	_
2980_CM1	2980		CM1	286	211	possible	ADJ	possibles	possible	209	1	02-Phono	01-Normé	_	p	_
2980_CM1	2980		CM1	286	235	seul	ADJ	seul	seul	233	1	01-Normé	01-Normé	m	s	_
1518_CM1	1518		CM1	175	28	seul	ADJ	seul	seul	28	1	01-Normé	01-Normé	m	s	_
1518_CM1	1518		CM1	175	96	bée	ADJ	bée	bée	96	1	01-Normé	01-Normé	f	s	_
1847_CM1	1847		CM1	195	36	court	ADJ	court	cour	36	1	02-Phono	01-Normé	m	s	_
1847_CM1	1847		CM1	195	115	court	ADJ	court	court	115	1	01-Normé	01-Normé	m	s	_
1847_CM1	1847		CM1	195	123	autre	ADJ	autre	autre	123	1	01-Normé	01-Normé	_	s	_
1847_CM1	1847		CM1	195	131	court	ADJ	court	cour	131	1	02-Phono	01-Normé	m	s	_
2886_CM1	2886		CM1	292	23	vieux	ADJ	vieille	vièlle	22	1	04-ApproxGraphique	01-Normé	f	s	_
2886_CM1	2886		CM1	292	82	atroce	ADJ	atroce	atroce	81	1	01-Normé	01-Normé	_	s	_
2886_CM1	2886		CM1	292	112	amène	ADJ	amène	amene	111	1	04-ApproxGraphique	01-Normé	_	s	_
2886_CM1	2886		CM1	292	116	magique	ADJ	magique	magice	115	1	04-ApproxGraphique	01-Normé	_	s	_
2886_CM1	2886		CM1	292	123	<unknown>	ADJ	Tu	Tu	122	1	01-Normé	01-Normé	m	s	_
2886_CM1	2886		CM1	292	154	vieux	ADJ	vieille	vieille	152	1	01-Normé	01-Normé	f	s	_
2886_CM1	2886		CM1	292	155	fou	ADJ	folle	folle	153	1	01-Normé	01-Normé	f	s	_
2886_CM1	2886		CM1	292	207	VRAI	ADJ	VRAI	VRAI	205	1	01-Normé	01-Normé	m	s	_
2886_CM1	2886		CM1	292	264	petit	ADJ	petits	petit	262	1	02-Phono	01-Normé	m	p	_
3058_CM1	3058		CM1	134	12	noir	ADJ	noir	noir	11	1	01-Normé	01-Normé	m	s	_
3058_CM1	3058		CM1	134	68	abominable	ADJ	abominable	abominable	62	1	01-Normé	01-Normé	_	s	_
3058_CM1	3058		CM1	134	69	monstrueux	ADJ	monstrueuse	monstrueus	63	1	04-ApproxGraphique	01-Normé	f	s	_
3058_CM1	3058		CM1	134	103	magique	ADJ	magique	magique	97	1	01-Normé	01-Normé	_	s	_
2970_CM1	2970		CM1	212	9	<unknown>	ADJ	C'	C'	9	1	01-Normé	01-Normé	_	_	_
2970_CM1	2970		CM1	212	29	petit	ADJ	petit	petit	29	1	01-Normé	01-Normé	m	s	_
2970_CM1	2970		CM1	212	46	rouge	ADJ	rouge	rouge	46	1	01-Normé	01-Normé	_	s	_
2970_CM1	2970		CM1	212	101	petit	ADJ	petit	petit	100	1	01-Normé	01-Normé	m	s	_
2970_CM1	2970		CM1	212	112	doux	ADJ	doux	doux	111	1	01-Normé	01-Normé	m	_	_
2970_CM1	2970		CM1	212	146	rouge	ADJ	rouges	rouge	146	1	02-Phono	01-Normé	_	p	_
2970_CM1	2970		CM1	212	147	luisant	ADJ	luisantes	luisente	147	1	02-Phono	01-Normé	f	p	_
2970_CM1	2970		CM1	212	157	grand	ADJ	grande	grande	157	1	01-Normé	01-Normé	f	s	_
2970_CM1	2970		CM1	212	160	grand	ADJ	grande	grande	160	1	01-Normé	01-Normé	f	s	_
2970_CM1	2970		CM1	212	204	petit	ADJ	petite	petite	203	1	01-Normé	01-Normé	f	s	_
98_CM1	98		CM1	224	28	ami	ADJ	ami	ami	28	1	01-Normé	01-Normé	m	s	_
98_CM1	98		CM1	224	60	mignon	ADJ	mignon	mignon	62	1	01-Normé	01-Normé	m	s	_
98_CM1	98		CM1	224	78	sympa	ADJ	sympa	sympa	81	1	01-Normé	01-Normé	_	s	_
98_CM1	98		CM1	224	91	redoutable	ADJ	redoutable	redoutable	94	1	01-Normé	01-Normé	_	s	_
98_CM1	98		CM1	224	98	duel	ADJ	duel	duel	101	1	01-Normé	01-Normé	m	s	_
98_CM1	98		CM1	224	106	mignon	ADJ	mignonnes	mignone	109	1	02-Phono	01-Normé	f	p	_
98_CM1	98		CM1	224	111	autre	ADJ	autres	autres	114	1	01-Normé	01-Normé	_	p	_
98_CM1	98		CM1	224	125	lourd	ADJ	lourde	lourde	128	1	01-Normé	01-Normé	f	s	_
98_CM1	98		CM1	224	128	brillant	ADJ	brillants	brillant	131	1	02-Phono	01-Normé	m	p	_
98_CM1	98		CM1	224	132	arrière	ADJ	arrières	arrières	135	1	01-Normé	01-Normé	_	p	_
98_CM1	98		CM1	224	135	mignon	ADJ	mignonnes	mignon	138	1	04-ApproxGraphique	01-Normé	f	p	_
1962_CM1	1962		CM1	224	12	magique	ADJ	magique	magique	12	1	01-Normé	01-Normé	_	s	_
1962_CM1	1962		CM1	224	35	spécial	ADJ	spéciale	special	35	1	04-ApproxGraphique	01-Normé	f	s	_
1962_CM1	1962		CM1	224	37	rouge	ADJ	rouge	rouge	37	1	01-Normé	01-Normé	_	s	_
1962_CM1	1962		CM1	224	65	long	ADJ	long	longe	65	1	04-ApproxGraphique	01-Normé	m	s	_
1962_CM1	1962		CM1	224	158	gentil	ADJ	gentil	gentil	158	1	01-Normé	01-Normé	m	s	_
1671_CM1	1671		CM1	110	82	tarte	ADJ	tarte	tarte	77	1	01-Normé	01-Normé	_	s	_
841_CM1	841		CM1	243	9	royal	ADJ	royal	royal	9	1	01-Normé	01-Normé	m	s	_
841_CM1	841		CM1	243	20	imposant	ADJ	imposant	imposant	20	1	01-Normé	01-Normé	m	s	_
841_CM1	841		CM1	243	41	autre	ADJ	autre	notre	41	1	03-Archi	01-Normé	_	s	_
841_CM1	841		CM1	243	49	angora	ADJ	angora	angora	49	1	01-Normé	01-Normé	_	s	_
841_CM1	841		CM1	243	50	blanc	ADJ	blanc	blanc	50	1	01-Normé	01-Normé	m	s	_
841_CM1	841		CM1	243	56	orange	ADJ	orange	orange	56	1	01-Normé	01-Normé	_	s	_
841_CM1	841		CM1	243	58	vif	ADJ	vif	vif	58	1	01-Normé	01-Normé	m	s	_
841_CM1	841		CM1	243	94	moyen	ADJ	moyen	moyen	94	1	01-Normé	01-Normé	m	s	_
841_CM1	841		CM1	243	102	vert	ADJ	vert	vert	101	1	01-Normé	01-Normé	m	s	_
841_CM1	841		CM1	243	103	émeraude	ADJ	émeraude	émeraude	102	1	01-Normé	01-Normé	_	s	_
841_CM1	841		CM1	243	136	petit	ADJ	petit	petit	135	1	01-Normé	01-Normé	m	s	_
841_CM1	841		CM1	243	230	sage	ADJ	sage	sage	231	1	01-Normé	01-Normé	_	s	_
841_CM1	841		CM1	243	232	gris	ADJ	gris	gris	233	1	01-Normé	01-Normé	m	_	_
841_CM1	841		CM1	243	242	nouveau	ADJ	nouvelle	nouvelle	243	1	01-Normé	01-Normé	f	s	_
3042_CM1	3042		CM1	32	25	terrible	ADJ	terrible	térrible	25	1	03-Archi	01-Normé	_	s	_
3042_CM1	3042		CM1	32	31	méchant	ADJ	méchants	méchant	31	1	02-Phono	01-Normé	m	p	_
2531_CM1	2531		CM1	117	41	jeune	ADJ	jeune	jeune	41	1	01-Normé	01-Normé	_	s	_
2531_CM1	2531		CM1	117	96	grand	ADJ	grands	grands	96	1	01-Normé	01-Normé	m	p	_
1930_CM1	1930		CM1	241	8	petit	ADJ	petit	petit	8	1	01-Normé	01-Normé	m	s	_
1930_CM1	1930		CM1	241	27	plein	ADJ	plein	plin	27	1	02-Phono	01-Normé	m	s	_
1930_CM1	1930		CM1	241	29	autre	ADJ	autres	dotre	28	2	03-Archi	03-HypoSeg	_	p	_
1930_CM1	1930		CM1	241	34	terrifiant	ADJ	terrifiant	térifian	33	1	03-Archi	01-Normé	m	s	_
1930_CM1	1930		CM1	241	116	noir	ADJ	noir	noir	113	1	01-Normé	01-Normé	m	s	_
1930_CM1	1930		CM1	241	160	autre	ADJ	autres	autre	157	1	04-ApproxGraphique	01-Normé	_	p	_
1930_CM1	1930		CM1	241	180	plein	ADJ	plein	plin	177	1	02-Phono	01-Normé	m	s	_
1930_CM1	1930		CM1	241	230	paisible	ADJ	paisible	pécible	228	1	04-ApproxGraphique	01-Normé	_	s	_
3052_CM1	3052		CM1	192	184	ferme	ADJ	ferme	faireme	180	1	05-ApproxPhono	01-Normé	_	s	_
1361_CM1	1361		CM1	44	19	petit	ADJ	petits	petit	19	1	02-Phono	01-Normé	m	p	_
1361_CM1	1361		CM1	44	24	mignon	ADJ	mignons	mignon	24	1	02-Phono	01-Normé	m	p	_
1361_CM1	1361		CM1	44	30	petit	ADJ	petits	petit	31	1	02-Phono	01-Normé	m	p	_
1361_CM1	1361		CM1	44	34	grand	ADJ	grands	grand	35	1	02-Phono	01-Normé	m	p	_
1152_CM1	1152		CM1	161	12	seul	ADJ	seule	seul	12	1	02-Phono	01-Normé	f	s	_
1152_CM1	1152		CM1	161	20	magique	ADJ	magique	magique	20	1	01-Normé	01-Normé	_	s	_
1152_CM1	1152		CM1	161	59	magique	ADJ	magique	magique	59	1	01-Normé	01-Normé	_	s	_
1152_CM1	1152		CM1	161	135	super	ADJ	super	super	137	1	01-Normé	01-Normé	_	s	_
1110_CM1	1110		CM1	159	13	hanté	ADJ	hantée	hanté	13	1	02-Phono	01-Normé	f	s	_
1110_CM1	1110		CM1	159	100	autre	ADJ	autre	autre	100	1	01-Normé	01-Normé	_	s	_
202_CM1	202		CM1	177	39	panique	ADJ	panique	panique	39	1	01-Normé	01-Normé	f	s	_
202_CM1	202		CM1	177	46	possible	ADJ	possible	possible	46	1	01-Normé	01-Normé	_	s	_
202_CM1	202		CM1	177	104	tranquille	ADJ	tranquille	tranquile	104	1	02-Phono	01-Normé	_	s	_
1923_CM1	1923		CM1	188	18	magique	ADJ	magique	magique	18	1	01-Normé	01-Normé	_	s	_
1923_CM1	1923		CM1	188	28	malade	ADJ	malade	malade	28	1	01-Normé	01-Normé	_	s	_
1923_CM1	1923		CM1	188	51	autre	ADJ	autres	dotre	50	2	03-Archi	03-HypoSeg	_	p	_
1923_CM1	1923		CM1	188	52	petit	ADJ	petites	petite	51	1	02-Phono	01-Normé	f	p	_
1923_CM1	1923		CM1	188	91	culinaire	ADJ	culinaire	culinare	90	1	04-ApproxGraphique	01-Normé	_	s	_
1923_CM1	1923		CM1	188	125	super	ADJ	super	super	123	1	01-Normé	01-Normé	_	s	_
1923_CM1	1923		CM1	188	167	suivant	ADJ	suivants	suivant	164	1	02-Phono	01-Normé	m	p	_
3071_CM1	3071		CM1	86	11	fin	ADJ	fin	finfon	14	1	02-Phono	03-HypoSeg	m	s	_
3071_CM1	3071		CM1	86	41	grand	ADJ	grand	grand	45	1	01-Normé	01-Normé	m	s	_
3071_CM1	3071		CM1	86	55	charmant	ADJ	charmant	charmant	59	1	01-Normé	01-Normé	m	s	_
3071_CM1	3071		CM1	86	70	joli	ADJ	joli	jolie	74	1	02-Phono	01-Normé	m	s	_
3071_CM1	3071		CM1	86	82	heureux	ADJ	heureux	heureux	85	1	01-Normé	01-Normé	m	_	_
1128_CM1	1128		CM1	143	5	noir	ADJ	noir	noir	5	1	01-Normé	01-Normé	m	s	_
1128_CM1	1128		CM1	143	12	noir	ADJ	noir	noir	12	1	01-Normé	01-Normé	m	s	_
1128_CM1	1128		CM1	143	72	noir	ADJ	noir	noir	70	1	01-Normé	01-Normé	m	s	_
1128_CM1	1128		CM1	143	98	noir	ADJ	noir	noir	96	1	01-Normé	01-Normé	m	s	_
1128_CM1	1128		CM1	143	100	heureux	ADJ	heureux	heureux	98	1	01-Normé	01-Normé	m	_	_
1128_CM1	1128		CM1	143	118	noir	ADJ	noir	noir	116	1	01-Normé	01-Normé	m	s	_
1128_CM1	1128		CM1	143	137	noir	ADJ	noir	noir	135	1	01-Normé	01-Normé	m	s	_
1128_CM1	1128		CM1	143	141	heureux	ADJ	heureux	heureux	139	1	01-Normé	01-Normé	m	_	_
1314_CM1	1314		CM1	231	8	petit	ADJ	petit	petit	8	1	01-Normé	01-Normé	m	s	_
1314_CM1	1314		CM1	231	39	beau	ADJ	beau	beau	39	1	01-Normé	01-Normé	m	s	_
1314_CM1	1314		CM1	231	161	prêt	ADJ	prêt	près	159	1	02-Phono	01-Normé	m	s	_
3069_CM1	3069		CM1	84	8	maléfique	ADJ	maléfique	maléfique	8	1	01-Normé	01-Normé	_	s	_
3069_CM1	3069		CM1	84	13	vieux	ADJ	vieille	vieille	13	1	01-Normé	01-Normé	f	s	_
3069_CM1	3069		CM1	84	53	magique	ADJ	magiques	magique	53	1	02-Phono	01-Normé	_	p	_
1155_CM1	1155		CM1	229	9	cruel	ADJ	cruel	cruelle	9	1	02-Phono	01-Normé	m	s	_
1155_CM1	1155		CM1	229	11	méchant	ADJ	méchant	méchant	11	1	01-Normé	01-Normé	m	s	_
1155_CM1	1155		CM1	229	36	gentil	ADJ	gentil	gentille	36	1	04-ApproxGraphique	01-Normé	m	s	_
1155_CM1	1155		CM1	229	130	<unknown>	ADJ	-	-	130	1	01-Normé	01-Normé	_	_	_
1155_CM1	1155		CM1	229	131	<unknown>	ADJ	(	(	131	1	01-Normé	01-Normé	_	_	_
1155_CM1	1155		CM1	229	132	<unknown>	ADJ	le	le	132	1	01-Normé	01-Normé	_	_	_
1155_CM1	1155		CM1	229	151	grand	ADJ	grande	grande	151	1	01-Normé	01-Normé	f	s	_
1155_CM1	1155		CM1	229	154	court	ADJ	court	court	154	1	01-Normé	01-Normé	m	s	_
1155_CM1	1155		CM1	229	207	cruel	ADJ	cruel	cruelle	206	1	02-Phono	01-Normé	m	s	_
1155_CM1	1155		CM1	229	219	ami	ADJ	amis	amie	218	1	02-Phono	01-Normé	m	p	_
1155_CM1	1155		CM1	229	222	sûr	ADJ	sûr	sur	221	1	02-Phono	01-Normé	m	s	_
1155_CM1	1155		CM1	229	227	gentil	ADJ	gentil	gentille	226	1	04-ApproxGraphique	01-Normé	m	s	_
1098_CM1	1098		CM1	187	18	seul	ADJ	seul	seule	18	1	02-Phono	01-Normé	m	s	_
1098_CM1	1098		CM1	187	21	beau	ADJ	belle	belle	21	1	01-Normé	01-Normé	f	s	_
1098_CM1	1098		CM1	187	67	fameux	ADJ	fameux	fame	67	1	04-ApproxGraphique	01-Normé	m	_	_
1098_CM1	1098		CM1	187	69	gris	ADJ	gris	gris	69	1	01-Normé	01-Normé	m	_	_
1098_CM1	1098		CM1	187	76	seul	ADJ	seul	celle	76	1	05-ApproxPhono	01-Normé	m	s	_
1098_CM1	1098		CM1	187	80	gris	ADJ	gris	gris	80	1	01-Normé	01-Normé	m	_	_
1098_CM1	1098		CM1	187	107	<unknown>	ADJ	Fleure	FLEURE	106	1	01-Normé	01-Normé	_	_	_
1098_CM1	1098		CM1	187	173	plein	ADJ	plein	plein	173	1	01-Normé	01-Normé	m	s	_
1098_CM1	1098		CM1	187	183	fin	ADJ	fin	fin	183	1	01-Normé	01-Normé	m	s	_
502_CM1	502		CM1	212	10	petit	ADJ	petit	petit	10	1	01-Normé	01-Normé	m	s	_
502_CM1	502		CM1	212	53	puissant	ADJ	puissante	puissantes	53	1	02-Phono	01-Normé	f	s	_
502_CM1	502		CM1	212	79	petit	ADJ	petit	petit	79	1	01-Normé	01-Normé	m	s	_
502_CM1	502		CM1	212	202	dernier	ADJ	dernière	dernière	201	1	01-Normé	01-Normé	f	s	_
1333_CM1	1333		CM1	165	118	furieux	ADJ	furieux	furieur	118	1	04-ApproxGraphique	01-Normé	m	_	_
1333_CM1	1333		CM1	165	126	furieux	ADJ	furieuse	furieus	126	1	04-ApproxGraphique	01-Normé	f	s	_
1333_CM1	1333		CM1	165	151	content	ADJ	contente	content	151	1	04-ApproxGraphique	01-Normé	f	s	_
1986_CM1	1986		CM1	103	5	magique	ADJ	magique	magique	5	1	01-Normé	01-Normé	_	s	_
1986_CM1	1986		CM1	103	39	invisible	ADJ	invisible	invisible	39	1	01-Normé	01-Normé	_	s	_
1986_CM1	1986		CM1	103	101	invisible	ADJ	invisible	invisible	100	1	01-Normé	01-Normé	_	s	_
2977_CM1	2977		CM1	247	14	petit	ADJ	petit	petit	14	1	01-Normé	01-Normé	m	s	_
2977_CM1	2977		CM1	247	19	sûr	ADJ	sûr	sur	19	1	02-Phono	01-Normé	m	s	_
2977_CM1	2977		CM1	247	44	bon	ADJ	bonne	bonne	44	1	01-Normé	01-Normé	f	s	_
2977_CM1	2977		CM1	247	129	sûr	ADJ	sûr	sur	129	1	02-Phono	01-Normé	m	s	_
2977_CM1	2977		CM1	247	203	intelligent	ADJ	intelligent	inteligent	204	1	04-ApproxGraphique	01-Normé	m	s	_
2977_CM1	2977		CM1	247	235	plein	ADJ	plein	plain	236	1	02-Phono	01-Normé	m	s	_
2977_CM1	2977		CM1	247	245	meilleur	ADJ	meilleurs	meilleure	246	1	02-Phono	01-Normé	m	p	_
2026_CM1	2026		CM1	126	5	perdu	ADJ	perdu	perdus	5	1	02-Phono	01-Normé	m	s	_
2026_CM1	2026		CM1	126	12	petit	ADJ	petit	petit	12	1	01-Normé	01-Normé	m	s	_
2026_CM1	2026		CM1	126	29	seul	ADJ	seul	seule	29	1	02-Phono	01-Normé	m	s	_
2026_CM1	2026		CM1	126	42	bon	ADJ	bonnes	bonne	42	1	02-Phono	01-Normé	f	p	_
2026_CM1	2026		CM1	126	123	même	ADJ	même	même	124	1	01-Normé	01-Normé	_	s	_
2907_CM1	2907		CM1	338	94	malin	ADJ	malin	malin	94	1	01-Normé	01-Normé	m	s	_
2907_CM1	2907		CM1	338	114	seul	ADJ	seul	seul	114	1	01-Normé	01-Normé	m	s	_
2907_CM1	2907		CM1	338	191	petit	ADJ	petite	petite	191	1	01-Normé	01-Normé	f	s	_
2907_CM1	2907		CM1	338	196	seul	ADJ	seule	seul	196	1	02-Phono	01-Normé	f	s	_
2907_CM1	2907		CM1	338	235	petit	ADJ	petite	petite	235	1	01-Normé	01-Normé	f	s	_
2907_CM1	2907		CM1	338	250	petit	ADJ	petit	petit	250	1	01-Normé	01-Normé	m	s	_
2907_CM1	2907		CM1	338	303	ami	ADJ	ami	amie	303	1	02-Phono	01-Normé	m	s	_
2907_CM1	2907		CM1	338	339	heureux	ADJ	heureux	heureux	339	1	01-Normé	01-Normé	m	_	_
3057_CM1	3057		CM1	148	3	méchant	ADJ	Méchante	Méchante	3	1	01-Normé	01-Normé	f	s	_
3057_CM1	3057		CM1	148	13	méchant	ADJ	méchante	méchante	13	1	01-Normé	01-Normé	f	s	_
3057_CM1	3057		CM1	148	34	sombre	ADJ	sombre	sombre	35	1	01-Normé	01-Normé	_	s	_
3057_CM1	3057		CM1	148	37	sombre	ADJ	sombre	sombre	38	1	01-Normé	01-Normé	_	s	_
3057_CM1	3057		CM1	148	118	gros	ADJ	gros	gros	121	1	01-Normé	01-Normé	m	_	_
3057_CM1	3057		CM1	148	137	méchant	ADJ	méchante	méchante	140	1	01-Normé	01-Normé	f	s	_
3057_CM1	3057		CM1	148	140	autre	ADJ	autres	autre	143	1	04-ApproxGraphique	01-Normé	_	p	_
3057_CM1	3057		CM1	148	145	gentil	ADJ	gentille	gentie	148	1	04-ApproxGraphique	01-Normé	f	s	_
1105_CM1	1105		CM1	225	167	vieux	ADJ	vieille	vieille	166	1	01-Normé	01-Normé	f	s	_
69_CM1	69		CM1	203	18	hanté	ADJ	hantée	hantée	18	1	01-Normé	01-Normé	f	s	_
69_CM1	69		CM1	203	25	cruel	ADJ	cruelle	cruelle	25	1	01-Normé	01-Normé	f	s	_
69_CM1	69		CM1	203	55	mignon	ADJ	mignon	mignon	55	1	01-Normé	01-Normé	m	s	_
69_CM1	69		CM1	203	73	beau	ADJ	beau	beau	73	1	01-Normé	01-Normé	m	s	_
69_CM1	69		CM1	203	93	beau	ADJ	beau	beau	93	1	01-Normé	01-Normé	m	s	_
69_CM1	69		CM1	203	118	petit	ADJ	petit	petit	117	1	01-Normé	01-Normé	m	s	_
69_CM1	69		CM1	203	188	petit	ADJ	petit	petit	186	1	01-Normé	01-Normé	m	s	_
817_CM1	817		CM1	121	3	<unknown>	ADJ	the	the	3	1	01-Normé	01-Normé	_	_	_
817_CM1	817		CM1	121	115	prochain	ADJ	prochaine	prochaine	115	1	01-Normé	01-Normé	f	s	_
1313_CM1	1313		CM1	230	30	grand	ADJ	grand	grand	30	1	01-Normé	01-Normé	m	s	_
1313_CM1	1313		CM1	230	36	petit	ADJ	petit	petit	35	1	01-Normé	01-Normé	m	s	_
1313_CM1	1313		CM1	230	117	autre	ADJ	autres	autre	116	1	02-Phono	01-Normé	_	p	_
1313_CM1	1313		CM1	230	131	seul	ADJ	seul	seul	130	1	01-Normé	01-Normé	m	s	_
1313_CM1	1313		CM1	230	147	étrange	ADJ	étrange	étrange	146	1	01-Normé	01-Normé	_	s	_
1303_CM1	1303		CM1	270	85	ami	ADJ	amis	amis	85	1	01-Normé	01-Normé	m	p	_
1303_CM1	1303		CM1	270	100	meilleur	ADJ	meilleurs	meilleure	100	1	02-Phono	01-Normé	m	p	_
1303_CM1	1303		CM1	270	250	autre	ADJ	autre	notre	249	1	03-Archi	01-Normé	_	s	_
1303_CM1	1303		CM1	270	260	meilleur	ADJ	meilleurs	meillere	259	1	04-ApproxGraphique	01-Normé	m	p	_
562_CM1	562		CM1	190	33	noir	ADJ	noir	noir	33	1	01-Normé	01-Normé	m	s	_
562_CM1	562		CM1	190	37	autre	ADJ	autres	autres	37	1	01-Normé	01-Normé	_	p	_
562_CM1	562		CM1	190	48	magique	ADJ	magique	magique	48	1	01-Normé	01-Normé	_	s	_
562_CM1	562		CM1	190	66	direct	ADJ	directe	directe	66	1	01-Normé	01-Normé	f	s	_
562_CM1	562		CM1	190	85	magique	ADJ	magiques	magique	85	1	02-Phono	01-Normé	_	p	_
562_CM1	562		CM1	190	138	malade	ADJ	malade	malade	138	1	01-Normé	01-Normé	_	s	_
562_CM1	562		CM1	190	158	malade	ADJ	malade	malade	158	1	01-Normé	01-Normé	_	s	_
2412_CM1	2412		CM1	130	8	sauvage	ADJ	sauvage	sauvage	8	1	01-Normé	01-Normé	_	s	_
2412_CM1	2412		CM1	130	33	sale	ADJ	sale	sale	33	1	01-Normé	01-Normé	_	s	_
2412_CM1	2412		CM1	130	93	pire	ADJ	pire	pire	93	1	01-Normé	01-Normé	_	s	_
2412_CM1	2412		CM1	130	130	différent	ADJ	différent	difairent	130	1	03-Archi	01-Normé	m	s	_
3012_CM1	3012		CM1	172	31	magique	ADJ	magique	magique	28	1	01-Normé	01-Normé	_	s	_
3012_CM1	3012		CM1	172	60	seul	ADJ	seul	din	55	2	07-Non normé	05-Non pertinent	m	s	_
3012_CM1	3012		CM1	172	61	seul	ADJ	seul	selcoup	55	3	04-ApproxGraphique	03-HypoSeg	m	s	_
3012_CM1	3012		CM1	172	122	autre	ADJ	autres	autres	112	1	01-Normé	01-Normé	_	p	_
3012_CM1	3012		CM1	172	128	méchant	ADJ	méchantes	méchant	118	1	04-ApproxGraphique	01-Normé	f	p	_
2453_CM1	2453		CM1	72	8	petit	ADJ	petit	petit	8	1	01-Normé	01-Normé	m	s	_
2453_CM1	2453		CM1	72	20	grand	ADJ	grand	grand	20	1	01-Normé	01-Normé	m	s	_
2453_CM1	2453		CM1	72	36	grand	ADJ	grand	grand	36	1	01-Normé	01-Normé	m	s	_
3142_CM1	3142		CM1	113	39	magique	ADJ	magique	magique	40	1	01-Normé	01-Normé	_	s	_
3142_CM1	3142		CM1	113	72	arrivé	ADJ	arrivée	arriver	73	1	02-Phono	01-Normé	f	s	_
1531_CM1	1531		CM1	127	79	villageois	ADJ	villageoise	villagoise	79	1	04-ApproxGraphique	01-Normé	f	s	_
1189_CM1	1189		CM1	246	20	ami	ADJ	amis	amis	20	1	01-Normé	01-Normé	m	p	_
1189_CM1	1189		CM1	246	106	possible	ADJ	possible	possible	105	1	01-Normé	01-Normé	_	s	_
1189_CM1	1189		CM1	246	211	furieux	ADJ	furieux	furieu	209	1	02-Phono	01-Normé	m	_	_
1215_CM1	1215		CM1	141	17	seul	ADJ	seul	seul	17	1	01-Normé	01-Normé	m	s	_
1215_CM1	1215		CM1	141	19	seul	ADJ	seul	seul	19	1	01-Normé	01-Normé	m	s	_
1215_CM1	1215		CM1	141	104	<unknown>	ADJ	maitre	maitre	104	1	01-Normé	01-Normé	_	_	_
1215_CM1	1215		CM1	141	129	parfait	ADJ	Parfait	Parfait	129	1	01-Normé	01-Normé	m	s	_
1215_CM1	1215		CM1	141	139	heureux	ADJ	heureux	heureux	139	1	01-Normé	01-Normé	m	_	_
1999_CM1	1999		CM1	84	12	seul	ADJ	seul	touseul	11	2	04-ApproxGraphique	03-HypoSeg	m	s	_
1999_CM1	1999		CM1	84	56	petit	ADJ	petit	petit	55	1	01-Normé	01-Normé	m	s	_
1999_CM1	1999		CM1	84	58	rouge	ADJ	rouge	rouge	57	1	01-Normé	01-Normé	_	s	_
2904_CM1	2904		CM1	271	14	méchant	ADJ	méchant	méchant	14	1	01-Normé	01-Normé	m	s	_
2904_CM1	2904		CM1	271	59	<unknown>	ADJ	Au	AU	58	1	01-Normé	01-Normé	_	_	_
2904_CM1	2904		CM1	271	71	possible	ADJ	possible	possible	70	1	01-Normé	01-Normé	_	s	_
2904_CM1	2904		CM1	271	102	bas	ADJ	bas	pas	101	1	04-ApproxGraphique	01-Normé	m	_	_
2904_CM1	2904		CM1	271	115	gentil	ADJ	gentil	gentil	114	1	01-Normé	01-Normé	m	s	_
55_CM1	55		CM1	230	8	magique	ADJ	magique	magique	8	1	01-Normé	01-Normé	_	s	_
55_CM1	55		CM1	230	47	sombre	ADJ	sombre	sombre	47	1	01-Normé	01-Normé	_	s	_
55_CM1	55		CM1	230	51	petit	ADJ	petit	petit	51	1	01-Normé	01-Normé	m	s	_
55_CM1	55		CM1	230	53	gris	ADJ	gris	gris	53	1	01-Normé	01-Normé	m	_	_
55_CM1	55		CM1	230	58	magique	ADJ	magique	magique	58	1	01-Normé	01-Normé	_	s	_
55_CM1	55		CM1	230	100	nommé	ADJ	nommée	nomer	100	1	02-Phono	01-Normé	f	s	_
55_CM1	55		CM1	230	109	criant	ADJ	criant	criant	109	1	01-Normé	01-Normé	m	s	_
55_CM1	55		CM1	230	162	double	ADJ	double	doulle	162	1	04-ApproxGraphique	01-Normé	_	s	_
55_CM1	55		CM1	230	226	entier	ADJ	entière	entière	226	1	01-Normé	01-Normé	f	s	_
2891_CM1	2891		CM1	163	39	dernier	ADJ	dernière	derrnière	39	1	04-ApproxGraphique	01-Normé	f	s	_
2891_CM1	2891		CM1	163	47	gros	ADJ	grosse	gros	47	1	04-ApproxGraphique	01-Normé	f	s	_
2891_CM1	2891		CM1	163	155	heureux	ADJ	heureux	eureu	155	1	04-ApproxGraphique	01-Normé	m	_	_
1327_CM1	1327		CM1	188	38	grand	ADJ	grande	grande	38	1	01-Normé	01-Normé	f	s	_
1327_CM1	1327		CM1	188	96	marrant	ADJ	marrantes	marente	96	1	02-Phono	01-Normé	f	p	_
1327_CM1	1327		CM1	188	126	petit	ADJ	petit	petit	125	1	01-Normé	01-Normé	m	s	_
1327_CM1	1327		CM1	188	162	VRAI	ADJ	VRAI	VRAI	160	1	01-Normé	01-Normé	m	s	_
1327_CM1	1327		CM1	188	175	inséparable	ADJ	inséparable	inséparable	173	1	01-Normé	01-Normé	_	s	_
48_CM1	48		CM1	98	49	délicieux	ADJ	délicieux	deliceu	49	1	04-ApproxGraphique	01-Normé	m	_	_
2036_CM1	2036		CM1	80	4	grand	ADJ	grandes	grand	4	1	04-ApproxGraphique	01-Normé	f	p	_
2036_CM1	2036		CM1	80	75	ami	ADJ	amis	amis	75	1	01-Normé	01-Normé	m	p	_
3004_CM1	3004		CM1	80	66	grand	ADJ	grand	grand	66	1	01-Normé	01-Normé	m	s	_
818_CM1	818		CM1	68	16	ancien	ADJ	ancien	ancien	16	1	01-Normé	01-Normé	m	s	_
818_CM1	818		CM1	68	22	câlin	ADJ	câlin	calin	22	1	02-Phono	01-Normé	m	s	_
818_CM1	818		CM1	68	26	gentil	ADJ	gentil	gentil	26	1	01-Normé	01-Normé	m	s	_
3049_CM1	3049		CM1	183	14	blessé	ADJ	blessé	blessé	14	1	01-Normé	01-Normé	m	s	_
3049_CM1	3049		CM1	183	27	proche	ADJ	proche	prauche	27	1	03-Archi	01-Normé	_	s	_
3049_CM1	3049		CM1	183	143	bon	ADJ	bonne	bonne	141	1	01-Normé	01-Normé	f	s	_
3049_CM1	3049		CM1	183	144	nouveau	ADJ	nouvelle	nouvelle	142	1	01-Normé	01-Normé	f	s	_
3049_CM1	3049		CM1	183	188	meilleur	ADJ	meilleurs	meilleurs	186	1	01-Normé	01-Normé	m	p	_
2981_CM1	2981		CM1	333	18	gentil	ADJ	gentil	gentil	18	1	01-Normé	01-Normé	m	s	_
2981_CM1	2981		CM1	333	98	plein	ADJ	plein	plein	98	1	01-Normé	01-Normé	m	s	_
2981_CM1	2981		CM1	333	100	copain	ADJ	copains	copain	100	1	02-Phono	01-Normé	m	p	_
2981_CM1	2981		CM1	333	122	super	ADJ	super	super	122	1	01-Normé	01-Normé	_	s	_
2981_CM1	2981		CM1	333	125	mignon	ADJ	mignon	mignons	125	1	02-Phono	01-Normé	m	s	_
2981_CM1	2981		CM1	333	167	gentil	ADJ	gentille	gentil	167	1	04-ApproxGraphique	01-Normé	f	s	_
2981_CM1	2981		CM1	333	179	méchant	ADJ	méchante	méchante	179	1	01-Normé	01-Normé	f	s	_
2981_CM1	2981		CM1	333	210	super	ADJ	super	super	210	1	01-Normé	01-Normé	_	s	_
2981_CM1	2981		CM1	333	218	débile	ADJ	débile	débile	218	1	01-Normé	01-Normé	_	s	_
2981_CM1	2981		CM1	333	231	horrible	ADJ	horrible	orible	231	1	02-Phono	01-Normé	_	s	_
2981_CM1	2981		CM1	333	243	crochu	ADJ	crochu	crochu	243	1	01-Normé	01-Normé	m	s	_
493_CM1	493		CM1	348	29	spécial	ADJ	spéciaux	spéciles	30	1	04-ApproxGraphique	01-Normé	m	p	_
493_CM1	493		CM1	348	80	vif	ADJ	vives	vives	82	1	01-Normé	01-Normé	f	p	_
493_CM1	493		CM1	348	82	rose	ADJ	rose	rose	84	1	01-Normé	01-Normé	_	s	_
493_CM1	493		CM1	348	84	rouge	ADJ	rouge	rouge	86	1	01-Normé	01-Normé	_	s	_
493_CM1	493		CM1	348	86	orange	ADJ	orange	orange	88	1	01-Normé	01-Normé	_	s	_
493_CM1	493		CM1	348	88	jaune	ADJ	jaune	jaune	90	1	01-Normé	01-Normé	_	s	_
493_CM1	493		CM1	348	93	autre	ADJ	autre	autre	95	1	01-Normé	01-Normé	_	s	_
493_CM1	493		CM1	348	100	froid	ADJ	froide	froide	102	1	01-Normé	01-Normé	f	s	_
493_CM1	493		CM1	348	105	violet	ADJ	violet	violet	107	1	01-Normé	01-Normé	m	s	_
493_CM1	493		CM1	348	107	bleu	ADJ	bleu	bleu	109	1	01-Normé	01-Normé	m	s	_
493_CM1	493		CM1	348	109	noir	ADJ	noir	noir	111	1	01-Normé	01-Normé	m	s	_
493_CM1	493		CM1	348	121	radio	ADJ	radio	radio	123	1	01-Normé	01-Normé	_	s	_
493_CM1	493		CM1	348	216	tropical	ADJ	tropicales	Tropicales	218	1	01-Normé	01-Normé	f	p	_
493_CM1	493		CM1	348	231	froid	ADJ	froides	froides	233	1	01-Normé	01-Normé	f	p	_
493_CM1	493		CM1	348	240	chaud	ADJ	chaudes	chaudes	242	1	01-Normé	01-Normé	f	p	_
493_CM1	493		CM1	348	255	plein	ADJ	plein	plein	257	1	01-Normé	01-Normé	m	s	_
493_CM1	493		CM1	348	348	grand	ADJ	grande	grande	350	1	01-Normé	01-Normé	f	s	_
2535_CM1	2535		CM1	314	16	beau	ADJ	beau	beau	16	1	01-Normé	01-Normé	m	s	_
2535_CM1	2535		CM1	314	21	marron	ADJ	marron	marron	21	1	01-Normé	01-Normé	m	s	_
2535_CM1	2535		CM1	314	31	marron	ADJ	marron	marron	31	1	01-Normé	01-Normé	m	s	_
2535_CM1	2535		CM1	314	55	gros	ADJ	gros	gros	55	1	01-Normé	01-Normé	m	_	_
2535_CM1	2535		CM1	314	109	vert	ADJ	vert	vert	109	1	01-Normé	01-Normé	m	s	_
2535_CM1	2535		CM1	314	120	paf	ADJ	paf	paf	120	1	01-Normé	01-Normé	_	_	_
2535_CM1	2535		CM1	314	125	vert	ADJ	vert	vert	125	1	01-Normé	01-Normé	m	s	_
2535_CM1	2535		CM1	314	137	haut	ADJ	hautes	hautes	138	1	01-Normé	01-Normé	f	p	_
2535_CM1	2535		CM1	314	140	vert	ADJ	vertes	vertes	141	1	01-Normé	01-Normé	f	p	_
2535_CM1	2535		CM1	314	216	furieux	ADJ	Furieuse	Furieuse	217	1	01-Normé	01-Normé	f	s	_
2535_CM1	2535		CM1	314	226	bleu	ADJ	bleu	bleu	227	1	01-Normé	01-Normé	m	s	_
2535_CM1	2535		CM1	314	232	bleu	ADJ	bleu	bleu	233	1	01-Normé	01-Normé	m	s	_
2535_CM1	2535		CM1	314	248	bleu	ADJ	bleu	bleu	249	1	01-Normé	01-Normé	m	s	_
2535_CM1	2535		CM1	314	258	favori	ADJ	favorite	favorite	259	1	01-Normé	01-Normé	f	s	_
2535_CM1	2535		CM1	314	291	calme	ADJ	calme	calme	292	1	01-Normé	01-Normé	_	s	_
2535_CM1	2535		CM1	314	296	bon	ADJ	bon	bon	297	1	01-Normé	01-Normé	m	s	_
2535_CM1	2535		CM1	314	301	<unknown>	ADJ	multi	multicouleur	302	1	04-ApproxGraphique	03-HypoSeg	_	_	_
2535_CM1	2535		CM1	314	302	<unknown>	ADJ	-	multicouleur	302	2	04-ApproxGraphique	03-HypoSeg	_	_	_
2535_CM1	2535		CM1	314	303	<unknown>	ADJ	couleur	multicouleur	302	3	04-ApproxGraphique	03-HypoSeg	f	s	_
2454_CM1	2454		CM1	218	65	autre	ADJ	autre	autre	64	1	01-Normé	01-Normé	_	s	_
2454_CM1	2454		CM1	218	69	fou	ADJ	fou	fou	68	1	01-Normé	01-Normé	m	s	_
2454_CM1	2454		CM1	218	78	meilleur	ADJ	meilleure	meilleur	77	1	02-Phono	01-Normé	f	s	_
2454_CM1	2454		CM1	218	85	protecteur	ADJ	protecteur	protecteur	83	1	01-Normé	01-Normé	m	s	_
2454_CM1	2454		CM1	218	88	vivant	ADJ	vivants	vivant	86	1	02-Phono	01-Normé	m	p	_
2454_CM1	2454		CM1	218	95	fou	ADJ	fou	fou	93	1	01-Normé	01-Normé	m	s	_
2976_CM1	2976		CM1	150	48	maigre	ADJ	maigre	mergre	47	1	04-ApproxGraphique	01-Normé	_	s	_
2976_CM1	2976		CM1	150	69	même	ADJ	même	mermetent	68	1	05-ApproxPhono	03-HypoSeg	_	s	_
2976_CM1	2976		CM1	150	77	soudain	ADJ	soudain	soudin	75	1	02-Phono	01-Normé	m	s	_
2976_CM1	2976		CM1	150	115	amoureux	ADJ	amoureux	amoure	113	1	04-ApproxGraphique	01-Normé	m	_	_
1961_CM1	1961		CM1	249	15	tranquille	ADJ	tranquille	trenquille	15	1	04-ApproxGraphique	01-Normé	_	s	_
1961_CM1	1961		CM1	249	213	scientifique	ADJ	scientifique	sientifique	212	1	02-Phono	01-Normé	_	s	_
1961_CM1	1961		CM1	249	248	gentil	ADJ	gentils	gentil	247	1	02-Phono	01-Normé	m	p	_
1324_CM1	1324		CM1	164	8	petit	ADJ	petite	petite	7	1	01-Normé	01-Normé	f	s	_
1516_CM1	1516		CM1	138	103	ouvert	ADJ	ouverte	ouverte	103	1	01-Normé	01-Normé	f	s	_
1188_CM1	1188		CM1	243	234	ami	ADJ	ami	amis	230	1	02-Phono	01-Normé	m	s	_
982_CM1	982		CM1	196	41	désagréable	ADJ	désagréable	d'	41	1	03-Archi	02-HyperSeg	_	s	_
982_CM1	982		CM1	196	41	désagréable	ADJ	désagréable	esagréable	42	1	03-Archi	02-HyperSeg	_	s	_
982_CM1	982		CM1	196	57	beau	ADJ	beau	beau	58	1	01-Normé	01-Normé	m	s	_
982_CM1	982		CM1	196	114	méchant	ADJ	méchant	maichent	115	1	03-Archi	01-Normé	m	s	_
982_CM1	982		CM1	196	128	VRAI	ADJ	VRAI	VRAI	129	1	01-Normé	01-Normé	m	s	_
982_CM1	982		CM1	196	133	méchant	ADJ	méchant	méchant	134	1	01-Normé	01-Normé	m	s	_
982_CM1	982		CM1	196	175	présent	ADJ	présent	apresent	176	1	04-ApproxGraphique	01-Normé	m	s	_
1160_CM1	1160		CM1	121	38	hanté	ADJ	hantée	hantée	38	1	01-Normé	01-Normé	f	s	_
1160_CM1	1160		CM1	121	39	plein	ADJ	pleine	pleine	39	1	01-Normé	01-Normé	f	s	_
1160_CM1	1160		CM1	121	70	dernier	ADJ	dernière	dernière	71	1	01-Normé	01-Normé	f	s	_
1160_CM1	1160		CM1	121	74	immense	ADJ	immense	immense	75	1	01-Normé	01-Normé	_	s	_
1160_CM1	1160		CM1	121	88	gigantesque	ADJ	gigantesque	gigantesque	89	1	01-Normé	01-Normé	_	s	_
1160_CM1	1160		CM1	121	93	mini	ADJ	mini	minis	94	1	02-Phono	01-Normé	_	s	_
1160_CM1	1160		CM1	121	104	mini	ADJ	mini	minis	105	1	02-Phono	01-Normé	_	s	_
1160_CM1	1160		CM1	121	109	gigantesque	ADJ	gigantesque	gigantesque	110	1	01-Normé	01-Normé	_	s	_
1339_CM1	1339		CM1	79	7	gentil	ADJ	gentille	jentille	7	1	02-Phono	01-Normé	f	s	_
1339_CM1	1339		CM1	79	27	petit	ADJ	petit	petit	27	1	01-Normé	01-Normé	m	s	_
1339_CM1	1339		CM1	79	73	petit	ADJ	petit	petit	73	1	01-Normé	01-Normé	m	s	_
2889_CM1	2889		CM1	194	90	ami	ADJ	ami	ami	90	1	01-Normé	01-Normé	m	s	_
2889_CM1	2889		CM1	194	108	content	ADJ	content	content	108	1	01-Normé	01-Normé	m	s	_
2978_CM1	2978		CM1	272	62	grand	ADJ	grande	grande	62	1	01-Normé	01-Normé	f	s	_
2978_CM1	2978		CM1	272	82	roux	ADJ	roux	roux	82	1	01-Normé	01-Normé	m	_	_
2978_CM1	2978		CM1	272	86	noir	ADJ	noires	noirs	86	1	02-Phono	01-Normé	f	p	_
2978_CM1	2978		CM1	272	93	rose	ADJ	roses	roses	93	1	01-Normé	01-Normé	_	p	_
2978_CM1	2978		CM1	272	99	propre	ADJ	propres	propre	99	1	02-Phono	01-Normé	_	p	_
2978_CM1	2978		CM1	272	106	beau	ADJ	beaux	beaux	106	1	01-Normé	01-Normé	m	p	_
2978_CM1	2978		CM1	272	111	bleu	ADJ	bleu	bleu	111	1	01-Normé	01-Normé	m	s	_
2978_CM1	2978		CM1	272	112	clair	ADJ	clair	clair	112	1	01-Normé	01-Normé	m	s	_
2978_CM1	2978		CM1	272	125	petit	ADJ	petit	petit	125	1	01-Normé	01-Normé	m	s	_
2978_CM1	2978		CM1	272	154	arrière	ADJ	arrière	arrières	154	1	02-Phono	01-Normé	_	s	_
2978_CM1	2978		CM1	272	215	petit	ADJ	petite	petite	213	1	01-Normé	01-Normé	f	s	_
2978_CM1	2978		CM1	272	242	content	ADJ	contente	contente	240	1	01-Normé	01-Normé	f	s	_
2887_CM1	2887		CM1	404	11	petit	ADJ	petite	petite	11	1	01-Normé	01-Normé	f	s	_
2887_CM1	2887		CM1	404	29	autre	ADJ	autres	autes	29	1	04-ApproxGraphique	01-Normé	_	p	_
2887_CM1	2887		CM1	404	37	noir	ADJ	noir	noire	37	1	02-Phono	01-Normé	m	s	_
2887_CM1	2887		CM1	404	39	juste	ADJ	juste	juste	39	1	01-Normé	01-Normé	_	s	_
2887_CM1	2887		CM1	404	45	blanc	ADJ	blanche	blanche	45	1	01-Normé	01-Normé	f	s	_
2887_CM1	2887		CM1	404	54	gentil	ADJ	gentil	jantille	54	1	05-ApproxPhono	01-Normé	m	s	_
2887_CM1	2887		CM1	404	75	pointu	ADJ	pointu	pointu	75	1	01-Normé	01-Normé	m	s	_
2887_CM1	2887		CM1	404	79	blond	ADJ	blonds	blons	79	1	02-Phono	01-Normé	m	p	_
2887_CM1	2887		CM1	404	83	pointu	ADJ	pointu	pointu	83	1	01-Normé	01-Normé	m	s	_
2887_CM1	2887		CM1	404	87	gros	ADJ	grosse	grosse	87	1	01-Normé	01-Normé	f	s	_
2887_CM1	2887		CM1	404	93	noir	ADJ	noire	boire	93	1	04-ApproxGraphique	01-Normé	f	s	_
2887_CM1	2887		CM1	404	132	malin	ADJ	maligne	maline	132	1	04-ApproxGraphique	01-Normé	f	s	_
2887_CM1	2887		CM1	404	289	vert	ADJ	verts	verts	291	1	01-Normé	01-Normé	m	p	_
2887_CM1	2887		CM1	404	295	petit	ADJ	petits	petits	297	1	01-Normé	01-Normé	m	p	_
2887_CM1	2887		CM1	404	344	plein	ADJ	plein	plain	346	1	02-Phono	01-Normé	m	s	_
2887_CM1	2887		CM1	404	397	discret	ADJ	discret	disscrai	398	1	04-ApproxGraphique	01-Normé	m	s	_
2887_CM1	2887		CM1	404	405	vert	ADJ	vertes	verte	406	1	02-Phono	01-Normé	f	p	_
1929_CM1	1929		CM1	108	8	sauvage	ADJ	sauvage	sauvage	8	1	01-Normé	01-Normé	_	s	_
1929_CM1	1929		CM1	108	24	sauvage	ADJ	sauvage	sauvage	24	1	01-Normé	01-Normé	_	s	_
1929_CM1	1929		CM1	108	49	noir	ADJ	noire	noir	49	1	02-Phono	01-Normé	f	s	_
1929_CM1	1929		CM1	108	104	sauvage	ADJ	sauvage	sauvage	104	1	01-Normé	01-Normé	_	s	_
1637_CM1	1637		CM1	126	22	méchant	ADJ	méchante	méchante	23	1	01-Normé	01-Normé	f	s	_
1637_CM1	1637		CM1	126	26	méchant	ADJ	méchante	méchante	27	1	01-Normé	01-Normé	f	s	_
1637_CM1	1637		CM1	126	116	<unknown>	ADJ	l		115	1	08-Non pertinent	06-Omis	m	s	_
1637_CM1	1637		CM1	126	123	fin	ADJ	fin	fin	122	1	01-Normé	01-Normé	m	s	_
1693_CM1	1693		CM1	126	8	petit	ADJ	petite	petite	8	1	01-Normé	01-Normé	f	s	_
1693_CM1	1693		CM1	126	104	fort	ADJ	fort	fort	104	1	01-Normé	01-Normé	m	s	_
1693_CM1	1693		CM1	126	122	fier	ADJ	fière	fier	122	1	02-Phono	01-Normé	f	s	_
2443_CM1	2443		CM1	374	157	petit	ADJ	petits	petit	152	1	02-Phono	01-Normé	m	p	_
2443_CM1	2443		CM1	374	160	juste	ADJ	juste	juste	155	1	01-Normé	01-Normé	_	s	_
2443_CM1	2443		CM1	374	162	petit	ADJ	petit	petit	157	1	01-Normé	01-Normé	m	s	_
2443_CM1	2443		CM1	374	328	entier	ADJ	entier	entier	318	1	01-Normé	01-Normé	m	s	_
2443_CM1	2443		CM1	374	355	pauvre	ADJ	pauvre	pauvre	344	1	01-Normé	01-Normé	_	s	_
2443_CM1	2443		CM1	374	356	petit	ADJ	petit	petit	345	1	01-Normé	01-Normé	m	s	_
2443_CM1	2443		CM1	374	372	<unknown>	ADJ	hyper	hipere	361	1	04-ApproxGraphique	01-Normé	_	_	_
2443_CM1	2443		CM1	374	373	content	ADJ	content	content	362	1	01-Normé	01-Normé	m	s	_
1573_CM1	1573		CM1	128	39	incroyable	ADJ	incroyable	incroyable	39	1	01-Normé	01-Normé	_	s	_
1573_CM1	1573		CM1	128	114	normal	ADJ	normale	normal	114	1	02-Phono	01-Normé	f	s	_
1573_CM1	1573		CM1	128	122	bon	ADJ	bons	bon	122	1	02-Phono	01-Normé	m	p	_
2983_CM1	2983		CM1	205	16	seul	ADJ	seul	seul	16	1	01-Normé	01-Normé	m	s	_
2983_CM1	2983		CM1	205	30	gentil	ADJ	gentil	gentil	30	1	01-Normé	01-Normé	m	s	_
2983_CM1	2983		CM1	205	83	superbe	ADJ	superbe	superbe	85	1	01-Normé	01-Normé	_	s	_
2983_CM1	2983		CM1	205	114	grand	ADJ	grande	grande	116	1	01-Normé	01-Normé	f	s	_
2983_CM1	2983		CM1	205	122	VRAI	ADJ	vraie	VRAI	124	1	02-Phono	01-Normé	f	s	_
2983_CM1	2983		CM1	205	131	grand	ADJ	grand	grand	133	1	01-Normé	01-Normé	m	s	_
2983_CM1	2983		CM1	205	139	VRAI	ADJ	vraie	vraie	141	1	01-Normé	01-Normé	f	s	_
2983_CM1	2983		CM1	205	148	prêt	ADJ	prêt	près	150	1	02-Phono	01-Normé	m	s	_
2983_CM1	2983		CM1	205	182	vide	ADJ	vide	vide	184	1	01-Normé	01-Normé	_	s	_
2983_CM1	2983		CM1	205	200	tranquille	ADJ	tranquille	tranquille	202	1	01-Normé	01-Normé	_	s	_
500_CM1	500		CM1	245	12	beau	ADJ	beau	beau	12	1	01-Normé	01-Normé	m	s	_
500_CM1	500		CM1	245	14	blanc	ADJ	blanc	blanc	14	1	01-Normé	01-Normé	m	s	_
500_CM1	500		CM1	245	48	plein	ADJ	plein	plein	48	1	01-Normé	01-Normé	m	s	_
500_CM1	500		CM1	245	50	autre	ADJ	autres	autres	50	1	01-Normé	01-Normé	_	p	_
500_CM1	500		CM1	245	52	féroce	ADJ	féroces	féros	52	1	04-ApproxGraphique	01-Normé	_	p	_
500_CM1	500		CM1	245	162	beau	ADJ	belle	belle	162	1	01-Normé	01-Normé	f	s	_
500_CM1	500		CM1	245	198	beau	ADJ	belle	belle	198	1	01-Normé	01-Normé	f	s	_
500_CM1	500		CM1	245	212	petit	ADJ	petite	petite	212	1	01-Normé	01-Normé	f	s	_
2971_CM1	2971		CM1	245	31	mystérieux	ADJ	mystérieux	mystèrieu	31	1	03-Archi	01-Normé	m	_	_
2971_CM1	2971		CM1	245	34	gentil	ADJ	gentil	gentille	34	1	04-ApproxGraphique	01-Normé	m	s	_
2971_CM1	2971		CM1	245	39	beau	ADJ	beau	beau	39	1	01-Normé	01-Normé	m	s	_
2971_CM1	2971		CM1	245	69	gentil	ADJ	gentille	gentille	69	1	01-Normé	01-Normé	f	s	_
2971_CM1	2971		CM1	245	75	cruel	ADJ	cruelle	cruel	75	1	02-Phono	01-Normé	f	s	_
2971_CM1	2971		CM1	245	149	amoureux	ADJ	amoureux	amoureux	149	1	01-Normé	01-Normé	m	_	_
2971_CM1	2971		CM1	245	191	magique	ADJ	magique	magique	190	1	01-Normé	01-Normé	_	s	_
2971_CM1	2971		CM1	245	200	grand	ADJ	grande	grande	199	1	01-Normé	01-Normé	f	s	_
1329_CM1	1329		CM1	354	95	sûr	ADJ	sûr	biensur	95	2	02-Phono	03-HypoSeg	m	s	_
1329_CM1	1329		CM1	354	216	même	ADJ	même	même	216	1	01-Normé	01-Normé	_	s	_
1329_CM1	1329		CM1	354	244	sûr	ADJ	sûr	Biensur	243	2	04-ApproxGraphique	03-HypoSeg	m	s	_
3005_CM1	3005		CM1	381	9	cruel	ADJ	cruelle	cruelle	9	1	01-Normé	01-Normé	f	s	_
3005_CM1	3005		CM1	381	12	existant	ADJ	existant	éxistant	12	1	04-ApproxGraphique	01-Normé	m	s	_
3005_CM1	3005		CM1	381	26	gentil	ADJ	gentil	gantil	26	1	04-ApproxGraphique	01-Normé	m	s	_
3005_CM1	3005		CM1	381	46	vert	ADJ	verts	vert	46	1	02-Phono	01-Normé	m	p	_
3005_CM1	3005		CM1	381	52	cassé	ADJ	cassé	casser	52	1	02-Phono	01-Normé	m	s	_
3005_CM1	3005		CM1	381	56	blanc	ADJ	blanche	blanche	56	1	01-Normé	01-Normé	f	s	_
3005_CM1	3005		CM1	381	68	droit	ADJ	droite	droite	68	1	01-Normé	01-Normé	f	s	_
3005_CM1	3005		CM1	381	105	bon	ADJ	bonne	bonne	105	1	01-Normé	01-Normé	f	s	_
3005_CM1	3005		CM1	381	178	petit	ADJ	petit	petit	178	1	01-Normé	01-Normé	m	s	_
3005_CM1	3005		CM1	381	189	<unknown>	ADJ	OUI	OUI	189	1	01-Normé	01-Normé	_	_	_
3005_CM1	3005		CM1	381	257	<unknown>	ADJ	-	-	254	1	01-Normé	01-Normé	_	_	_
3005_CM1	3005		CM1	381	258	<unknown>	ADJ	personne	personne	255	1	01-Normé	01-Normé	m	s	_
3005_CM1	3005		CM1	381	263	juste	ADJ	Juste	juste	260	1	01-Normé	01-Normé	_	s	_
3005_CM1	3005		CM1	381	274	VRAI	ADJ	VRAI	VRAI	271	1	01-Normé	01-Normé	m	s	_
3005_CM1	3005		CM1	381	293	joli	ADJ	joli	jolie	290	1	02-Phono	01-Normé	m	s	_
3005_CM1	3005		CM1	381	353	bête	ADJ	bête	bête	349	1	01-Normé	01-Normé	_	s	_
1336_CM1	1336		CM1	317	43	méchant	ADJ	méchante	méchante	43	1	01-Normé	01-Normé	f	s	_
1336_CM1	1336		CM1	317	45	horrible	ADJ	horrible	orible	45	1	02-Phono	01-Normé	_	s	_
1336_CM1	1336		CM1	317	149	magique	ADJ	magique	magique	148	1	01-Normé	01-Normé	_	s	_
1336_CM1	1336		CM1	317	157	petit	ADJ	petit	petit	156	1	01-Normé	01-Normé	m	s	_
1336_CM1	1336		CM1	317	257	magique	ADJ	magique	magique	257	1	01-Normé	01-Normé	_	s	_
1336_CM1	1336		CM1	317	288	féroce	ADJ	féroce	férosse	288	1	02-Phono	01-Normé	_	s	_
1336_CM1	1336		CM1	317	292	rose	ADJ	rose	rose	292	1	01-Normé	01-Normé	_	s	_
1336_CM1	1336		CM1	317	294	blanc	ADJ	blanc	blanc	294	1	01-Normé	01-Normé	m	s	_
